6.93865
6.94023
6.94816
6.9602
6.97831
7.00073
7.03015
7.06278
7.10315
7.14667
7.19918
7.25518
7.32077
7.39062
7.47106
7.55659
7.65176
7.75694
7.86971
7.99675
8.13188
8.28292
8.44603
8.62634
8.82307
9.04035
9.27947
9.54414
9.83805
10.1645
10.53
10.94
11.4023
11.9302
12.5328
13.2337
14.0491
15.0204
16.1841
17.6184
19.4192
21.7665
24.9612
29.6388
37.8058
64.3044
144.284
245.996
278.843
278.459
258.525
164.977
73.8984
39.3553
29.6192
24.5233
21.1158
18.6421
16.7587
15.2723
14.0679
13.0768
12.2377
11.53
10.9122
10.3819
9.90946
9.49978
9.12625
8.8034
8.50134
8.24085
7.99421
7.77902
7.57432
7.39619
7.22364
7.07481
6.92818
6.80252
6.67804
6.57107
6.46427
6.37322
6.28081
6.20329
6.12437
6.05735
5.99046
5.93354
5.87613
5.82766
5.77856
5.73781
5.69619
5.66289
5.62905
5.6009
5.57243
5.55109
5.526
5.51087
5.49227
5.47977
5.46843
5.45968
5.45186
5.44895
5.44508
5.44629
5.44743
5.45213
5.45754
5.46697
5.47526
5.48899
5.50067
5.51816
5.53445
5.55587
5.57618
5.60186
5.62668
5.65611
5.68545
5.71898
5.75203
5.79076
5.82779
5.87267
5.91399
5.96334
6.01109
6.06496
6.11856
6.17864
6.23773
6.30336
6.36918
6.441
6.51308
6.59326
6.67269
6.76083
6.84983
6.94684
7.04405
7.15129
7.25988
7.37652
7.49883
7.62691
7.76211
7.9062
8.05681
8.21619
8.38628
8.56415
8.75448
8.95628
9.16867
9.39681
9.63854
9.89808
10.1752
10.4726
10.7907
11.1348
11.5057
11.906
12.3411
12.8148
13.3317
13.8991
14.525
15.2156
15.9873
16.8474
17.8189
18.9196
20.1806
21.6371
23.3421
25.3635
27.8019
30.8065
34.608
39.5917
46.4418
56.6808
76.2476
145.99
329.307
516.697
556.151
556.453
489.277
284.131
123.351
70.2404
53.9137
44.5604
38.1582
33.4497
29.8225
26.9375
24.584
22.6196
20.9615
19.5325
18.2995
17.2115
16.2567
15.4006
14.6382
13.9472
13.3242
12.7531
12.2354
11.7537
11.317
10.9052
10.5325
10.1771
9.85446
9.54436
9.26137
8.98912
8.73893
8.49714
8.27546
8.0589
7.86237
7.66714
7.48891
7.31329
7.14987
6.9917
6.84397
6.69929
6.56531
6.4323
6.30874
6.18564
6.07307
5.95732
5.85533
5.74755
5.65276
5.55396
5.46502
5.37395
5.29051
5.20517
5.12723
5.0467
4.97522
4.89862
4.83174
4.75989
4.69651
4.62895
4.57037
4.50648
4.45082
4.39161
4.33624
4.28187
4.22833
4.17807
4.12657
4.07934
4.03052
3.98464
3.9403
3.89432
3.85321
3.80917
3.77041
3.72836
3.69046
3.65079
3.61393
3.57647
3.54174
3.50534
3.47165
3.43704
3.4051
3.37159
3.34162
3.3084
3.28008
3.24823
3.22083
3.19137
3.16399
3.13681
3.10925
3.0831
3.05698
3.03132
3.00761
2.98192
2.95864
2.93357
2.91088
2.8862
2.86451
2.84038
2.82006
2.79778
2.77769
2.7571
2.73718
2.71706
2.69751
2.67719
2.65842
2.63871
2.62148
2.6015
2.58575
2.56654
2.55059
2.53243
2.51606
2.49899
2.48184
2.46462
2.44902
2.4321
2.41841
2.40194
2.38807
2.37297
2.35845
2.34312
2.32959
2.31386
2.30142
2.28694
2.27376
2.26036
2.24684
2.23369
2.22164
2.20784
2.19653
2.18303
2.17224
2.15873
2.14725
2.13501
2.12308
2.11252
2.10083
2.09001
2.0782
2.06637
2.05463
2.04431
2.03348
2.02313
2.01414
2.00215
1.99352
1.98173
1.97294
1.96222
1.95334
1.94315
1.93514
1.92495
1.91686
1.90675
1.89718
1.8869
1.87841
1.86844
1.86076
1.85271
1.84389
1.83635
1.82688
1.81896
1.81112
1.80319
1.79548
1.78781
1.77879
1.77045
1.76293
1.75415
1.74755
1.7402
1.73294
1.72527
1.71966
1.71152
1.70571
1.69738
1.69017
1.68261
1.67545
1.6682
1.6621
1.65441
1.64848
1.64103
1.63609
1.62832
1.62377
1.61474
1.60966
1.6021
1.597
1.59048
1.58534
1.57854
1.57372
1.56643
1.56149
1.5539
1.54936
1.54221
1.53823
1.53148
1.52624
1.51997
1.51451
1.50918
1.50354
1.49801
1.49357
1.48691
1.48274
1.47631
1.47239
1.46604
1.46127
1.45583
1.45038
1.44614
1.44091
1.4371
1.43186
1.42691
1.42188
1.41675
1.41231
1.4077
1.40392
1.39849
1.39413
1.38872
1.38462
1.38024
1.37654
1.37172
1.36763
1.36131
1.3575
1.35187
1.34853
1.34388
1.34039
1.33532
1.33231
1.32677
1.32406
1.31977
1.31648
1.31216
1.30842
1.30368
1.30099
1.29582
1.29188
1.28803
1.28357
1.27962
1.2766
1.27159
1.26905
1.26408
1.2606
1.25563
1.25274
1.2489
1.24604
1.24239
1.23875
1.23531
1.23208
1.22796
1.2254
1.22063
1.21863
1.21376
1.21165
1.20784
1.20506
1.20104
1.19822
1.19507
1.19218
1.18902
1.18601
1.18242
1.18035
1.17532
1.17322
1.16847
1.16597
1.16262
1.16014
1.15683
1.15451
1.15056
1.14744
1.14453
1.14165
1.13844
1.13597
1.13262
1.1299
1.12657
1.12427
1.12145
1.11919
1.11557
1.11288
1.10901
1.10649
1.10399
1.1019
1.09957
1.0977
1.09435
1.09128
1.08812
1.08621
1.08317
1.08259
1.07878
1.07666
1.07287
1.06977
1.06761
1.06481
1.0625
1.05973
1.05701
1.05503
1.05199
1.05025
1.04698
1.04552
1.04207
1.04005
1.03712
1.03546
1.03282
1.03133
1.0284
1.0265
1.02329
1.0213
1.01823
1.0164
1.01355
1.01197
1.00963
1.00773
1.00544
1.00304
1.00068
0.998906
0.995667
0.993947
0.990266
0.989173
0.986371
0.985084
0.982453
0.98069
0.978121
0.976025
0.973607
0.971511
0.969246
0.967801
0.965635
0.963462
0.961636
0.959679
0.958238
0.956341
0.954409
0.952545
0.950508
0.948652
0.946452
0.944258
0.941129
0.939563
0.936759
0.93537
0.933713
0.932432
0.931393
0.930069
0.929165
0.927763
0.926
0.923502
0.920645
0.918218
0.915501
0.914086
0.911558
0.910178
0.907816
0.90634
0.904132
0.903211
0.899997
0.899014
0.895917
0.894787
0.893049
0.891964
0.890321
0.889774
0.888054
0.886616
0.883843
0.882748
0.879648
0.878473
0.876193
0.874834
0.872935
0.871614
0.869851
0.868991
0.867095
0.866175
0.864025
0.863106
0.861544
0.860025
0.85785
0.856075
0.85412
0.852784
0.851063
0.850089
0.848307
0.847366
0.845359
0.844327
0.842548
0.841478
0.839462
0.838751
0.836469
0.835579
0.833146
0.832372
0.830027
0.828699
0.826244
0.825446
0.824008
0.823316
0.822522
0.820977
0.819899
0.818444
0.816783
0.815201
0.813963
0.812453
0.81106
0.809559
0.807801
0.805804
0.80417
0.802855
0.801123
0.80008
0.799031
0.798187
0.796602
0.795419
0.793115
0.791718
0.79132
0.790694
0.78952
0.788831
0.786513
0.785583
0.78282
0.781726
0.780427
0.780016
0.779136
0.778395
0.776788
0.775546
0.77315
0.77204
0.769774
0.769406
0.767174
0.766925
0.764685
0.763704
0.762463
0.761825
0.760675
0.760078
0.758824
0.758534
0.756543
0.756042
0.753471
0.752619
0.750342
0.749818
0.748388
0.747462
0.745229
0.745229
0.743128
0.742792
0.741052
0.74053
0.738616
0.737911
0.736427
0.735603
0.734062
0.733446
0.731939
0.730574
0.729293
0.728129
0.727491
0.727522
0.726639
0.725961
0.725072
0.723476
0.721856
0.720522
0.719446
0.718157
0.716829
0.715691
0.714008
0.712835
0.711474
0.710687
0.709529
0.709026
0.707927
0.70741
0.706948
0.706441
0.704715
0.70378
0.701683
0.701191
0.699397
0.699774
0.697915
0.69829
0.697033
0.696773
0.694945
0.694357
0.692336
0.691502
0.690601
0.689618
0.687616
0.686372
0.685831
0.685845
0.684605
0.68402
0.682263
0.681568
0.680732
0.680099
0.679319
0.679054
0.677549
0.676408
0.674406
0.674209
0.673079
0.672511
0.671525
0.67117
0.670392
0.668829
0.667391
0.666818
0.665934
0.665423
0.663824
0.662991
0.661428
0.661244
0.660437
0.65982
0.658711
0.657749
0.65685
0.655587
0.654823
0.65338
0.652716
0.651438
0.650626
0.650168
0.649133
0.64908
0.648314
0.64807
0.646879
0.645571
0.643172
0.642346
0.642113
0.641618
0.641266
0.640826
0.639915
0.638893
0.63747
0.636448
0.6356
0.634566
0.633741
0.634051
0.632932
0.633335
0.632322
0.631753
0.630089
0.629979
0.628577
0.627908
0.62651
0.625981
0.625581
0.625011
0.624151
0.623072
0.622043
0.621331
0.62011
0.619888
0.619059
0.618172
0.61721
0.616273
0.614933
0.615121
0.614778
0.614454
0.612835
0.611734
0.610447
0.609147
0.607955
0.607356
0.606098
0.60591
0.605233
0.605367
0.604741
0.604086
0.603348
0.60255
0.601435
0.600848
0.600235
0.599534
0.59887
0.598466
0.597793
0.597405
0.596539
0.595999
0.593913
0.592932
0.591777
0.591323
0.590764
0.590374
0.590294
0.590115
0.589352
0.588671
0.587608
0.587853
0.586794
0.586939
0.585415
0.584806
0.583519
0.583708
0.582945
0.582626
0.581437
0.580353
0.579206
0.578867
0.578331
0.577751
0.577274
0.576325
0.575456
0.575743
0.57447
0.574068
0.572675
0.572113
0.570567
0.57055
0.569519
0.569694
0.568448
0.568605
0.568087
0.568295
0.567627
0.567672
0.56617
0.565264
0.564209
0.563983
0.563845
0.562838
0.562018
0.560652
0.559924
0.559592
0.559156
0.558997
0.558414
0.558136
0.557267
0.556694
0.555249
0.554675
0.553962
0.553385
0.552932
0.552251
0.550878
0.550971
0.550758
0.550567
0.550073
0.549616
0.549211
0.548509
0.547978
0.547191
0.546074
0.544997
0.544109
0.543322
0.542674
0.542455
0.542154
0.542594
0.541316
0.540839
0.540136
0.539693
0.53909
0.538577
0.538178
0.537694
0.537175
0.536369
0.535136
0.534615
0.533664
0.534042
0.533226
0.533484
0.53228
0.531927
0.531374
0.530763
0.530453
0.529712
0.52867
0.528573
0.527934
0.528016
0.527307
0.527183
0.526559
0.526138
0.525004
0.524541
0.523433
0.523277
0.522302
0.521839
0.520587
0.51996
0.518991
0.519271
0.519262
0.518936
0.518158
0.518309
0.517091
0.516955
0.516353
0.516504
0.515779
0.515076
0.513964
0.513757
0.512297
0.512195
0.511496
0.51079
0.510014
0.510191
0.509955
0.509371
0.508363
0.508373
0.507352
0.507775
0.507674
0.507861
0.506939
0.506558
0.505313
0.505223
0.504595
0.504343
0.503474
0.50273
0.50147
0.501454
0.500327
0.500339
0.499907
0.499406
0.499466
0.499293
0.49922
0.499124
0.498484
0.497564
0.496183
0.495231
0.494744
0.495195
0.495434
0.495153
0.494607
0.493776
0.493052
0.492532
0.492155
0.492132
0.491483
0.491403
0.490714
0.490169
0.489006
0.488787
0.4877
0.487159
0.486327
0.486924
0.486597
0.485824
0.484592
0.483619
0.483196
0.483437
0.483226
0.483296
0.482843
0.482278
0.481215
0.481703
0.481545
0.481556
0.480352
0.479571
0.479069
0.478582
0.478174
0.477836
0.47718
0.476467
0.476096
0.476131
0.475428
0.475348
0.474573
0.474275
0.473065
0.473624
0.473148
0.473163
0.472028
0.472427
0.471479
0.470978
0.46984
0.469612
0.468827
0.46836
0.467775
0.468448
0.467981
0.467721
0.46692
0.466417
0.465738
0.464924
0.464352
0.464923
0.464702
0.464836
0.463931
0.463281
0.46227
0.462308
0.461015
0.460686
0.460085
0.459753
0.459252
0.460364
0.46067
0.461228
0.461229
0.460364
0.459108
0.458484
0.458129
0.457854
0.457639
0.457594
0.456333
0.456232
0.455264
0.454831
0.454281
0.454123
0.453506
0.453004
0.451943
0.451355
0.450661
0.451398
0.451624
0.451713
0.451034
0.45116
0.450258
0.449479
0.448213
0.448479
0.448356
0.449224
0.44914
0.44903
0.447806
0.447228
0.446578
0.446749
0.44665
0.445786
0.4446
0.443974
0.443862
0.444051
0.443384
0.442821
0.441939
0.440995
0.440488
0.440209
0.439624
0.439514
0.439624
0.439935
0.439514
0.439491
0.438484
0.438549
0.437433
0.437206
0.436077
0.436141
0.435733
0.436082
0.435347
0.435465
0.434853
0.434707
0.433916
0.433872
0.432698
0.432902
0.432782
0.432843
0.432309
0.431943
0.431652
0.432111
0.431822
0.431677
0.43036
0.429462
0.428318
0.428367
0.428434
0.429334
0.428731
0.428909
0.427893
0.42817
0.4281
0.428248
0.427773
0.427242
0.426174
0.425191
0.424151
0.423892
0.423831
0.424059
0.423748
0.423697
0.423303
0.423369
0.423241
0.422349
0.421834
0.420781
0.420221
0.420397
0.41974
0.419979
0.419563
0.419851
0.418784
0.418631
0.417622
0.417518
0.41734
0.417732
0.417519
0.416957
0.416164
0.415795
0.415428
0.415169
0.415159
0.415305
0.414865
0.415067
0.414711
0.414493
0.413726
0.413765
0.412952
0.412818
0.411744
0.411897
0.411408
0.411512
0.411365
0.411683
0.411094
0.410975
0.410602
0.410023
0.409027
0.40915
0.408992
0.40929
0.408937
0.408621
0.408274
0.408109
0.407784
0.407484
0.407187
0.406621
0.405659
0.404974
0.404087
0.404272
0.403956
0.404015
0.40382
0.403396
0.403564
0.403353
0.403018
0.402377
0.402136
0.401494
0.401029
0.401331
0.400937
0.401033
0.399949
0.40002
0.399506
0.399932
0.399965
0.400528
0.399355
0.399123
0.398454
0.398198
0.39757
0.397052
0.396533
0.396166
0.395961
0.396305
0.396418
0.396576
0.39596
0.395671
0.394086
0.393347
0.392774
0.392936
0.392843
0.392857
0.392699
0.392943
0.392397
0.392282
0.391526
0.391329
0.390535
0.3903
0.390503
0.39008
0.389887
0.389759
0.389645
0.389865
0.388838
0.388134
0.388345
0.388214
0.387974
0.387946
0.387433
0.38725
0.387272
0.387135
0.387266
0.387051
0.386604
0.385405
0.384973
0.385417
0.3847
0.384753
0.384167
0.384443
0.384551
0.384121
0.383583
0.382401
0.381465
0.381365
0.380971
0.38156
0.381216
0.381374
0.38042
0.380463
0.380482
0.380454
0.380382
0.380357
0.380003
0.379575
0.378434
0.378188
0.378088
0.378697
0.378452
0.378652
0.377901
0.377638
0.376795
0.376936
0.376331
0.375802
0.375367
0.37542
0.375191
0.374936
0.374638
0.374081
0.373691
0.374246
0.374577
0.375059
0.374731
0.374742
0.37393
0.373931
0.373115
0.372982
0.372382
0.372008
0.371331
0.371106
0.37089
0.370622
0.370752
0.370491
0.370149
0.369908
0.369769
0.369269
0.368595
0.368749
0.368941
0.369179
0.368903
0.368354
0.36815
0.36784
0.367229
0.367521
0.367457
0.367956
0.367971
0.368252
0.367627
0.367418
0.366373
0.366546
0.365805
0.365656
0.364503
0.364607
0.364437
0.364946
0.365103
0.364516
0.362961
0.362138
0.361418
0.361808
0.361439
0.36119
0.360566
0.360628
0.360843
0.361404
0.361194
0.361254
0.360704
0.360466
0.359334
0.358941
0.358702
0.358853
0.358466
0.358418
0.358543
0.358607
0.358407
0.358252
0.357963
0.357449
0.356633
0.356325
0.356396
0.356552
0.355646
0.355269
0.354582
0.354578
0.35446
0.354861
0.355294
0.355108
0.35456
0.353223
0.352646
0.35228
0.35236
0.352601
0.353223
0.353475
0.3535
0.353328
0.352931
0.352812
0.35237
0.352423
0.351932
0.351391
0.350721
0.350652
0.350365
0.350439
0.351057
0.351288
0.35102
0.350082
0.349034
0.348475
0.348127
0.348078
0.347928
0.348561
0.348543
0.348419
0.348016
0.348483
0.34827
0.348334
0.347345
0.346955
0.34601
0.346194
0.346138
0.346171
0.346106
0.346506
0.346206
0.346125
0.346179
0.346333
0.345744
0.345154
0.344584
0.3442
0.34389
0.344478
0.344235
0.343823
0.343371
0.343216
0.342921
0.342545
0.342134
0.342555
0.342154
0.342347
0.342035
0.341397
0.340549
0.33982
0.339221
0.338793
0.338666
0.338843
0.338819
0.338802
0.338795
0.339403
0.339398
0.339725
0.339435
0.339944
0.340179
0.339828
0.338945
0.338514
0.338305
0.338341
0.337548
0.337098
0.336351
0.336365
0.335947
0.336153
0.335899
0.335933
0.335747
0.336048
0.335733
0.335568
0.334607
0.333626
0.332628
0.332676
0.333164
0.333779
0.333335
0.332972
0.332979
0.333438
0.333899
0.333801
0.333508
0.333388
0.333139
0.333207
0.332976
0.333376
0.332891
0.3322
0.331832
0.331633
0.331189
0.330862
0.330659
0.33043
0.329854
0.329536
0.329264
0.329713
0.329547
0.329238
0.328334
0.328215
0.328048
0.327799
0.327989
0.327618
0.328137
0.328057
0.327571
0.327092
0.326318
0.32622
0.326261
0.326433
0.326495
0.326921
0.326619
0.326205
0.325913
0.325301
0.325012
0.325285
0.325623
0.325883
0.325539
0.325514
0.324619
0.323743
0.323348
0.323177
0.323538
0.324332
0.324946
0.325198
0.324908
0.324268
0.323723
0.323056
0.322903
0.322871
0.322706
0.322536
0.322093
0.322252
0.322071
0.321611
0.320806
0.320901
0.320421
0.320623
0.320553
0.320075
0.319804
0.319978
0.320328
0.320439
0.319851
0.318892
0.318554
0.318437
0.318389
0.318291
0.318622
0.319265
0.31982
0.320038
0.319517
0.318626
0.317651
0.317274
0.317208
0.317744
0.317673
0.317535
0.317125
0.316077
0.316117
0.3161
0.316575
0.316647
0.316558
0.316007
0.315841
0.315494
0.315495
0.315246
0.314953
0.31459
0.314706
0.314795
0.314423
0.314231
0.31356
0.312875
0.312874
0.313133
0.313112
0.312805
0.312753
0.312838
0.312265
0.311683
0.311222
0.311389
0.311626
0.311951
0.312283
0.31231
0.312089
0.311537
0.310946
0.310522
0.309731
0.309099
0.308372
0.30851
0.308958
0.309111
0.309105
0.30882
0.30882
0.309464
0.309295
0.309604
0.309394
0.309459
0.309625
0.309248
0.308569
0.307418
0.306518
0.305681
0.306196
0.306795
0.307359
0.307041
0.307101
0.30693
0.306234
0.306198
0.305561
0.305157
0.30497
0.305129
0.304815
0.304605
0.304305
0.304415
0.303566
0.303932
0.304018
0.304299
0.30422
0.304098
0.303439
0.30368
0.304401
0.304648
0.304819
0.304449
0.304713
0.305232
0.30553
0.304975
0.303952
0.302537
0.301993
0.302052
0.302253
0.30236
0.30204
0.301525
0.302062
0.302037
0.301723
0.300886
0.300235
0.299898
0.299817
0.300205
0.300256
0.300288
0.300035
0.299864
0.299806
0.299847
0.299571
0.299305
0.298737
0.297811
0.297398
0.297331
0.297407
0.297677
0.298165
0.298473
0.29839
0.298461
0.297855
0.297795
0.298356
0.298619
0.298224
0.297458
0.296685
0.296143
0.295515
0.295044
0.295134
0.295598
0.296053
0.296791
0.297006
0.297187
0.296693
0.295985
0.294814
0.294868
0.29458
0.294772
0.294257
0.29436
0.293757
0.293667
0.293127
0.293208
0.293916
0.294559
0.294976
0.295003
0.294496
0.293675
0.293407
0.293662
0.293496
0.293452
0.293444
0.293938
0.294274
0.293973
0.293767
0.292864
0.292431
0.291859
0.29196
0.291715
0.291525
0.291316
0.29153
0.291766
0.291931
0.291809
0.291524
0.291247
0.290741
0.290533
0.289747
0.290063
0.28985
0.289861
0.289593
0.289492
0.28879
0.288647
0.288585
0.288337
0.28788
0.287531
0.287584
0.287762
0.287992
0.287829
0.287655
0.287563
0.287757
0.287726
0.287853
0.287909
0.287722
0.286944
0.286415
0.286498
0.287211
0.287487
0.287536
0.287002
0.286698
0.286686
0.286247
0.285881
0.28552
0.285428
0.284904
0.285268
0.285896
0.286441
0.286348
0.285653
0.28469
0.284428
0.284244
0.284495
0.28514
0.28484
0.284411
0.283974
0.283752
0.2839
0.284051
0.284303
0.284249
0.28455
0.284472
0.284187
0.283517
0.282778
0.282657
0.282751
0.282398
0.28272
0.282794
0.28259
0.282374
0.282248
0.281991
0.281768
0.281566
0.282204
0.282197
0.282189
0.281814
0.281219
0.280862
0.280564
0.280789
0.280693
0.280517
0.279724
0.279508
0.2798
0.279804
0.280054
0.279534
0.279499
0.279613
0.279838
0.279843
0.279599
0.279552
0.279532
0.279246
0.279002
0.278459
0.278019
0.277898
0.277968
0.277703
0.277493
0.277194
0.277213
0.277004
0.276817
0.275878
0.275964
0.276355
0.276864
0.276909
0.27652
0.275992
0.275966
0.276653
0.27693
0.276916
0.276922
0.277001
0.276638
0.275789
0.275512
0.275536
0.275538
0.275364
0.275418
0.274777
0.274397
0.273783
0.273668
0.274172
0.274459
0.274912
0.274687
0.274663
0.274605
0.274802
0.275354
0.27552
0.275046
0.274459
0.27447
0.274115
0.273607
0.272848
0.272354
0.272079
0.27234
0.272473
0.272983
0.273008
0.272609
0.272258
0.27243
0.272249
0.272369
0.272449
0.272325
0.271849
0.271731
0.271402
0.271218
0.271319
0.27152
0.271268
0.270942
0.270474
0.270173
0.27021
0.270159
0.270376
0.270876
0.271015
0.271092
0.270657
0.27035
0.270276
0.270406
0.27007
0.269585
0.268936
0.268352
0.268392
0.268305
0.26855
0.268544
0.2688
0.268537
0.268298
0.268292
0.268241
0.268402
0.268146
0.268247
0.268078
0.268369
0.267993
0.267549
0.266765
0.267086
0.267939
0.268278
0.268634
0.268259
0.267343
0.266464
0.265939
0.265966
0.266524
0.267155
0.267082
0.267268
0.266531
0.266438
0.26626
0.265775
0.264989
0.264744
0.265171
0.265349
0.265556
0.265188
0.2648
0.264943
0.265119
0.265018
0.265326
0.26569
0.265606
0.265646
0.265537
0.264849
0.264831
0.265277
0.264924
0.26419
0.263731
0.263533
0.263111
0.26385
0.26453
0.26419
0.263314
0.262811
0.263101
0.263228
0.262832
0.262383
0.262459
0.262848
0.262854
0.262645
0.262686
0.263016
0.263159
0.262687
0.262196
0.262284
0.262129
0.261791
0.261817
0.261772
0.262197
0.261894
0.2619
0.261553
0.261265
0.260768
0.260947
0.260858
0.261092
0.261046
0.260902
0.260845
0.260331
0.259319
0.258638
0.258434
0.258937
0.259396
0.259582
0.2593
0.258836
0.258467
0.258646
0.25852
0.25846
0.258776
0.258949
0.259082
0.258766
0.259405
0.259185
0.259213
0.258997
0.258876
0.258511
0.258762
0.258725
0.258573
0.258016
0.257867
0.257667
0.258311
0.258363
0.258075
0.256985
0.256765
0.25646
0.256813
0.257306
0.257514
0.256996
0.256741
0.256258
0.256542
0.25649
0.257204
0.257262
0.257068
0.256956
0.257095
0.256981
0.256815
0.256414
0.256166
0.256229
0.25673
0.256772
0.256334
0.255267
0.25514
0.254742
0.253882
0.253903
0.254124
0.254272
0.254371
0.254816
0.255124
0.254885
0.254808
0.254563
0.254201
0.253688
0.253499
0.253133
0.252594
0.252511
0.253116
0.253001
0.252903
0.253001
0.253405
0.253243
0.253562
0.253544
0.253346
0.253445
0.252983
0.252449
0.252079
0.251758
0.251135
0.251347
0.251936
0.252746
0.253244
0.253215
0.25344
0.252581
0.25218
0.251683
0.251303
0.250972
0.251135
0.251877
0.252338
0.252418
0.251749
0.25089
0.250673
0.250438
0.250375
0.250492
0.250861
0.251261
0.251397
0.250857
0.250706
0.250884
0.250553
0.249735
0.249516
0.249693
0.249177
0.2494
0.249757
0.250207
0.250037
0.249381
0.248795
0.248699
0.249049
0.248824
0.248509
0.248131
0.248803
0.249614
0.24969
0.249484
0.24898
0.248882
0.248986
0.248767
0.248496
0.248116
0.248038
0.247523
0.247277
0.246918
0.24706
0.247375
0.247354
0.24745
0.247626
0.247738
0.247689
0.2477
0.247433
0.247311
0.247113
0.247304
0.247564
0.24756
0.246805
0.246706
0.245906
0.245561
0.245644
0.245903
0.245945
0.246452
0.246856
0.246925
0.246391
0.245914
0.2452
0.244886
0.2445
0.244391
0.244481
0.24497
0.245291
0.245318
0.245751
0.246138
0.246043
0.245642
0.245267
0.245077
0.245387
0.244992
0.244493
0.244193
0.244286
0.243853
0.243934
0.244476
0.244709
0.245072
0.245097
0.245145
0.245232
0.244858
0.244244
0.243503
0.242919
0.242959
0.243347
0.243436
0.243279
0.243147
0.242809
0.242584
0.242329
0.242787
0.243397
0.24354
0.243514
0.243171
0.242837
0.242083
0.241989
0.241905
0.242324
0.242607
0.242188
0.241609
0.240888
0.24146
0.241527
0.241839
0.241712
0.241426
0.241571
0.24192
0.242319
0.241762
0.241538
0.241221
0.241415
0.241545
0.2414
0.240904
0.241166
0.240857
0.240216
0.239863
0.24005
0.240116
0.24
0.240139
0.240436
0.241207
0.241534
0.241398
0.24085
0.239997
0.239104
0.238764
0.238421
0.238792
0.239332
0.239694
0.239839
0.239524
0.23932
0.238918
0.238933
0.239144
0.239421
0.239794
0.239813
0.240466
0.240837
0.24059
0.239686
0.238624
0.238295
0.238302
0.238099
0.237679
0.23732
0.237229
0.237151
0.237171
0.237196
0.236868
0.236923
0.236894
0.237348
0.237817
0.237809
0.237447
0.2373
0.237344
0.237903
0.238298
0.238076
0.237481
0.236522
0.235925
0.236054
0.236477
0.236197
0.236563
0.237004
0.237185
0.237064
0.237087
0.237492
0.23784
0.2375
0.237075
0.236537
0.236153
0.235654
0.234947
0.234416
0.234481
0.234854
0.235633
0.23651
0.237059
0.237023
0.236197
0.235727
0.235466
0.235713
0.236294
0.2362
0.235843
0.23525
0.235159
0.234653
0.234708
0.234641
0.234535
0.234112
0.234521
0.234903
0.235014
0.234937
0.235255
0.23472
0.233807
0.233318
0.233145
0.232952
0.2328
0.232727
0.23269
0.232622
0.233361
0.233635
0.233734
0.233615
0.233974
0.233334
0.232614
0.232126
0.23296
0.233587
0.233673
0.233078
0.232503
0.232183
0.232294
0.232511
0.232702
0.232967
0.232882
0.232368
0.23192
0.232003
0.232133
0.23281
0.233342
0.233322
0.232481
0.232147
0.23201
0.232101
0.232685
0.232977
0.232965
0.232417
0.232347
0.231743
0.231393
0.231322
0.231549
0.231249
0.231127
0.230867
0.231237
0.231077
0.231022
0.230815
0.230556
0.230459
0.230408
0.230754
0.230901
0.230487
0.230046
0.23039
0.230855
0.23074
0.229754
0.229097
0.229021
0.228842
0.228896
0.229108
0.229307
0.22957
0.230385
0.230235
0.230047
0.229822
0.229836
0.229498
0.229445
0.229336
0.229085
0.229285
0.229405
0.229599
0.2292
0.229106
0.229173
0.22935
0.229612
0.229515
0.22935
0.229203
0.228554
0.228034
0.227891
0.228108
0.228286
0.228279
0.228551
0.228739
0.229067
0.228975
0.228759
0.228292
0.228271
0.228719
0.228674
0.228533
0.227997
0.227826
0.227752
0.227368
0.227119
0.227321
0.227155
0.226812
0.227152
0.227375
0.227659
0.227896
0.227928
0.22752
0.227164
0.22666
0.22641
0.226273
0.22624
0.22631
0.226288
0.226637
0.226534
0.225952
0.225766
0.225471
0.225435
0.22559
0.22579
0.225493
0.225257
0.225305
0.225681
0.225762
0.22553
0.225421
0.225124
0.225105
0.225004
0.225099
0.225492
0.225731
0.225728
0.225733
0.225363
0.224854
0.224874
0.224768
0.224616
0.224172
0.224236
0.224332
0.223818
0.223725
0.223829
0.224034
0.22402
0.224409
0.224357
0.224493
0.224749
0.224841
0.224621
0.224253
0.224077
0.223934
0.22367
0.22377
0.223423
0.222843
0.223248
0.223495
0.223615
0.223201
0.223025
0.222934
0.222738
0.222648
0.223185
0.223319
0.223278
0.223147
0.223113
0.223035
0.222546
0.222456
0.222351
0.222171
0.222526
0.222942
0.223365
0.223279
0.223578
0.22364
0.223718
0.223699
0.223259
0.222623
0.222769
0.222468
0.222161
0.222225
0.222618
0.222677
0.222879
0.222515
0.222127
0.221443
0.221421
0.221507
0.221655
0.221382
0.221085
0.220742
0.220643
0.220936
0.22135
0.221392
0.221331
0.222104
0.222847
0.222789
0.222059
0.221247
0.220608
0.22047
0.220532
0.220393
0.220367
0.220734
0.220798
0.2206
0.220333
0.219867
0.220263
0.220898
0.221193
0.220885
0.22076
0.220585
0.220662
0.220432
0.220339
0.220045
0.219848
0.219611
0.219371
0.219991
0.220623
0.220952
0.220954
0.220607
0.220139
0.219624
0.219391
0.219187
0.219508
0.219776
0.219825
0.219325
0.219509
0.219071
0.219214
0.21949
0.219792
0.219942
0.219974
0.219716
0.219444
0.21876
0.218729
0.218711
0.219234
0.219077
0.218738
0.218271
0.218019
0.218558
0.218483
0.218197
0.218183
0.218325
0.218397
0.21811
0.218163
0.217755
0.217913
0.218194
0.218432
0.218119
0.21833
0.218463
0.218513
0.218243
0.21815
0.217872
0.217691
0.217951
0.218578
0.218722
0.218255
0.217782
0.218123
0.218078
0.217986
0.217685
0.217103
0.216743
0.215956
0.215561
0.215566
0.215769
0.21628
0.216223
0.216256
0.215983
0.216114
0.215963
0.216358
0.216448
0.216558
0.216149
0.216154
0.216064
0.216173
0.216494
0.216772
0.216486
0.215466
0.215019
0.215435
0.215975
0.216436
0.216762
0.216715
0.216733
0.216693
0.216552
0.215985
0.215889
0.21612
0.21621
0.216175
0.215887
0.215187
0.214413
0.214242
0.214518
0.214788
0.214867
0.214838
0.214751
0.214822
0.214986
0.215121
0.215192
0.215416
0.215139
0.21521
0.215427
0.215504
0.215067
0.214911
0.215383
0.215267
0.214757
0.21478
0.214553
0.21483
0.215031
0.215173
0.214884
0.215133
0.214925
0.214882
0.214961
0.215331
0.215047
0.214689
0.21467
0.214611
0.214441
0.214576
0.214558
0.2144
0.21447
0.214981
0.215103
0.214869
0.214727
0.214278
0.213806
0.213491
0.213027
0.212523
0.212342
0.212972
0.213192
0.213153
0.212531
0.211863
0.211521
0.211404
0.211642
0.21189
0.212349
0.212997
0.213552
0.213822
0.213585
0.213083
0.212782
0.21263
0.212473
0.21236
0.212147
0.211845
0.212482
0.213102
0.213112
0.213243
0.213038
0.212742
0.212719
0.212785
0.212886
0.212733
0.212553
0.212314
0.212101
0.212146
0.212555
0.213677
0.213943
0.213573
0.212993
0.212559
0.212109
0.211497
0.211664
0.211862
0.211958
0.212092
0.212192
0.21211
0.211672
0.211462
0.211306
0.211028
0.211139
0.211501
0.211441
0.211555
0.211447
0.211976
0.211826
0.211453
0.21059
0.210315
0.210271
0.211052
0.211513
0.211442
0.211402
0.211361
0.211078
0.21094
0.210976
0.210777
0.210875
0.211407
0.211511
0.211374
0.211274
0.210777
0.210747
0.211135
0.211353
0.211086
0.210586
0.21061
0.210558
0.210441
0.20967
0.209447
0.209583
0.209571
0.21012
0.21083
0.210665
0.210588
0.210486
0.209776
0.20965
0.209882
0.209719
0.209928
0.209975
0.209735
0.209327
0.209175
0.208936
0.20881
0.209133
0.209636
0.210235
0.210695
0.210494
0.209746
0.20947
0.209607
0.209627
0.209324
0.209249
0.209392
0.209766
0.210242
0.210323
0.210011
0.209575
0.209331
0.209211
0.208833
0.20855
0.208329
0.208055
0.208096
0.208155
0.208217
0.207997
0.207744
0.207427
0.207649
0.207959
0.208422
0.208305
0.208341
0.208106
0.208121
0.208114
0.209014
0.209563
0.210084
0.210296
0.209776
0.209623
0.209479
0.209412
0.209538
0.209323
0.208571
0.20794
0.207724
0.20758
0.207768
0.208187
0.208777
0.209173
0.209114
0.208244
0.207497
0.207144
0.208256
0.208706
0.208606
0.207972
0.207491
0.207367
0.207243
0.207418
0.207529
0.207119
0.206675
0.206624
0.206783
0.206411
0.206485
0.20667
0.206681
0.206289
0.206187
0.206179
0.206354
0.206458
0.206382
0.206843
0.20693
0.206699
0.206279
0.206061
0.206046
0.206179
0.206165
0.20676
0.20759
0.207356
0.206949
0.206101
0.206275
0.20662
0.206445
0.206409
0.206582
0.207083
0.207285
0.206979
0.206615
0.206658
0.206953
0.206685
0.206139
0.205593
0.205718
0.205991
0.205817
0.205422
0.205164
0.205292
0.205865
0.206314
0.206696
0.206647
0.206339
0.205884
0.205301
0.205337
0.205688
0.205705
0.205517
0.205096
0.204524
0.204403
0.20486
0.205444
0.205499
0.20513
0.20473
0.204418
0.204525
0.204443
0.204228
0.204365
0.204501
0.204963
0.205728
0.206262
0.206485
0.206197
0.205809
0.205391
0.205667
0.205775
0.205732
0.205207
0.204814
0.204301
0.204459
0.204832
0.205426
0.205021
0.204425
0.203503
0.203543
0.203461
0.203266
0.203463
0.204255
0.204509
0.204578
0.204621
0.204807
0.205094
0.205338
0.205563
0.205402
0.204693
0.204389
0.203861
0.20368
0.203224
0.202713
0.202548
0.203336
0.203402
0.203681
0.203675
0.2039
0.204076
0.204129
0.204197
0.20436
0.204423
0.204433
0.204124
0.20383
0.203744
0.203924
0.204167
0.204472
0.20459
0.204454
0.20405
0.203863
0.2035
0.203097
0.202963
0.20278
0.202251
0.202165
0.202349
0.20244
0.202593
0.202676
0.201808
0.201458
0.201684
0.202174
0.202576
0.20286
0.202725
0.202744
0.202608
0.20247
0.2025
0.20311
0.20298
0.202877
0.202361
0.202522
0.202082
0.202325
0.202346
0.202473
0.202497
0.202899
0.202494
0.2022
0.201603
0.201734
0.202062
0.202803
0.203079
0.203265
0.203002
0.202941
0.202558
0.202236
0.202192
0.202311
0.201973
0.201738
0.201744
0.201725
0.201515
0.20147
0.201184
0.201128
0.201751
0.202048
0.201971
0.20193
0.201747
0.202164
0.202368
0.202614
0.202105
0.201445
0.201419
0.201638
0.201702
0.2016
0.201554
0.201613
0.201462
0.201578
0.201484
0.202101
0.202392
0.202657
0.202191
0.201982
0.201456
0.201499
0.201196
0.200533
0.200849
0.201459
0.201592
0.201434
0.201428
0.202209
0.202497
0.202609
0.202308
0.202099
0.202071
0.202197
0.201858
0.201413
0.200751
0.200653
0.200532
0.200708
0.201176
0.201524
0.201502
0.200846
0.200987
0.201129
0.201126
0.20112
0.20106
0.201281
0.201003
0.200635
0.200373
0.199873
0.199305
0.199974
0.200147
0.200254
0.199941
0.199672
0.199212
0.199501
0.199962
0.200586
0.201136
0.201174
0.200819
0.200352
0.200194
0.200171
0.199577
0.199404
0.199726
0.200109
0.200159
0.199816
0.199409
0.199235
0.199056
0.199171
0.198991
0.198986
0.198569
0.198586
0.198421
0.198385
0.198867
0.199348
0.199395
0.19987
0.199971
0.200492
0.200725
0.200846
0.200305
0.199794
0.199701
0.199281
0.199043
0.199581
0.199669
0.199957
0.200361
0.200161
0.199759
0.199566
0.199397
0.19981
0.200207
0.200086
0.199848
0.199572
0.199265
0.199114
0.198819
0.199081
0.199422
0.20005
0.200288
0.200483
0.200117
0.200181
0.199938
0.199796
0.199396
0.19918
0.198475
0.198672
0.198826
0.198782
0.198706
0.199021
0.198875
0.19857
0.198335
0.198558
0.198518
0.198901
0.198801
0.198579
0.198557
0.198698
0.198442
0.198352
0.19852
0.198398
0.198249
0.198314
0.198468
0.198242
0.19805
0.198168
0.198437
0.198263
0.198281
0.198181
0.198243
0.198017
0.198176
0.198383
0.198645
0.19872
0.197952
0.197272
0.198102
0.199342
0.199694
0.200074
0.200062
0.19983
0.199052
0.19782
0.196883
0.196673
0.196713
0.197158
0.197397
0.197614
0.197441
0.197419
0.197387
0.197468
0.197422
0.197061
0.196708
0.196786
0.196567
0.197176
0.19746
0.197593
0.197237
0.197376
0.198047
0.198601
0.198491
0.198472
0.198207
0.19797
0.197536
0.197444
0.196787
0.196416
0.196088
0.196376
0.196529
0.196595
0.196883
0.197038
0.197026
0.196926
0.197334
0.197396
0.197442
0.19767
0.197619
0.196863
0.196478
0.196392
0.197017
0.197906
0.198154
0.198372
0.197775
0.197468
0.197402
0.197302
0.196955
0.197334
0.196996
0.196822
0.196525
0.196404
0.196499
0.196432
0.196459
0.196214
0.196206
0.196136
0.196844
0.197215
0.197009
0.196796
0.196687
0.19658
0.196161
0.196252
0.196234
0.196774
0.197545
0.197827
0.197121
0.196138
0.195836
0.19588
0.195797
0.19589
0.195692
0.195468
0.195277
0.195671
0.195993
0.195991
0.195728
0.195344
0.194668
0.194565
0.194534
0.194929
0.194822
0.19499
0.195202
0.195226
0.194919
0.194562
0.194604
0.195043
0.195095
0.195175
0.195686
0.196157
0.196291
0.196306
0.19614
0.195778
0.195342
0.195215
0.195118
0.195537
0.195648
0.195855
0.195667
0.195732
0.195939
0.195973
0.196541
0.196669
0.19662
0.196609
0.196513
0.19598
0.195928
0.195947
0.196058
0.196145
0.196125
0.196169
0.195997
0.195831
0.195457
0.195147
0.195371
0.195421
0.195241
0.195137
0.19491
0.19508
0.194756
0.194855
0.195171
0.195462
0.195261
0.195126
0.194769
0.194307
0.194105
0.194513
0.195145
0.195959
0.19648
0.196324
0.19581
0.195168
0.194945
0.195032
0.194642
0.194499
0.194379
0.19439
0.194128
0.19522
0.19587
0.196107
0.196129
0.196019
0.195479
0.195299
0.194927
0.194392
0.194206
0.194472
0.194598
0.194852
0.195422
0.19606
0.196062
0.195713
0.195221
0.194872
0.194709
0.194772
0.195115
0.195472
0.19532
0.195113
0.194626
0.195036
0.194888
0.194833
0.194388
0.194289
0.193757
0.193569
0.193788
0.193967
0.193984
0.193823
0.194023
0.19431
0.194434
0.194766
0.194947
0.194827
0.194188
0.194107
0.194237
0.19442
0.194281
0.194474
0.194479
0.194396
0.194153
0.194431
0.194181
0.194325
0.194449
0.194462
0.193935
0.194628
0.195361
0.195471
0.195498
0.19566
0.195339
0.194738
0.1943
0.194223
0.194021
0.193779
0.193576
0.193313
0.192711
0.192694
0.193477
0.194199
0.194397
0.194383
0.193827
0.193392
0.193808
0.194016
0.193839
0.193854
0.193332
0.193154
0.193438
0.19346
0.1934
0.193561
0.19389
0.194037
0.194119
0.194435
0.194386
0.194418
0.195019
0.195765
0.19565
0.195391
0.194667
0.194556
0.194598
0.195123
0.194859
0.194569
0.193637
0.193588
0.193692
0.193874
0.193788
0.193462
0.193392
0.193484
0.19366
0.194042
0.194175
0.194069
0.193941
0.193674
0.193494
0.193871
0.194279
0.194331
0.194235
0.194338
0.194173
0.193896
0.193966
0.194319
0.194273
0.194
0.193784
0.193885
0.194118
0.194638
0.194707
0.19455
0.194413
0.194582
0.194437
0.194274
0.193903
0.193938
0.193454
0.193538
0.193619
0.193551
0.193549
0.193604
0.193716
0.193917
0.193895
0.194142
0.194132
0.194037
0.193436
0.193598
0.193566
0.193827
0.193528
0.193496
0.19327
0.193431
0.19324
0.193088
0.192989
0.193699
0.193934
0.193736
0.193753
0.193479
0.193322
0.193536
0.193696
0.193513
0.192891
0.192565
0.192783
0.192986
0.192895
0.193283
0.193741
0.194034
0.193801
0.193457
0.192719
0.192432
0.192459
0.192365
0.192337
0.192504
0.192642
0.192615
0.192352
0.192624
0.19321
0.193384
0.193418
0.193631
0.193651
0.193602
0.193335
0.192939
0.192724
0.192496
0.192712
0.193258
0.193119
0.192959
0.192311
0.192112
0.191717
0.19198
0.191716
0.192095
0.192625
0.192949
0.193132
0.193136
0.193253
0.193392
0.192821
0.192262
0.192724
0.193622
0.194015
0.194185
0.193638
0.192781
0.192825
0.193652
0.193844
0.193853
0.19363
0.193241
0.192483
0.192598
0.193166
0.193462
0.193253
0.192939
0.19283
0.192585
0.192652
0.192593
0.192345
0.192448
0.192145
0.191587
0.191644
0.192093
0.192048
0.192449
0.192911
0.193155
0.192995
0.19281
0.192608
0.192189
0.192029
0.192353
0.192735
0.192765
0.192574
0.192422
0.192492
0.192544
0.192785
0.192728
0.192817
0.193032
0.192703
0.192263
0.192424
0.193081
0.193403
0.193533
0.193281
0.193453
0.193142
0.192864
0.192636
0.192679
0.192643
0.192622
0.19244
0.192323
0.192058
0.192301
0.192251
0.192362
0.192697
0.193802
0.194174
0.194035
0.193464
0.192902
0.19308
0.193167
0.192473
0.192212
0.191551
0.192153
0.192414
0.192697
0.192763
0.19247
0.192256
0.191958
0.191563
0.190917
0.191577
0.192182
0.191527
0.191478
0.191417
0.191393
0.191166
0.19131
0.19196
0.192455
0.192874
0.193241
0.193501
0.193465
0.193151
0.192909
0.192712
0.192219
0.191547
0.191598
0.191356
0.191796
0.191773
0.192149
0.192654
0.193032
0.193519
0.194031
0.194192
0.1938
0.192689
0.192077
0.192244
0.192503
0.19275
0.193055
0.193513
0.19393
0.19362
0.193181
0.19208
0.191495
0.191025
0.190746
0.191092
0.191668
0.192223
0.192863
0.193171
0.192841
0.192013
0.191791
0.192064
0.192359
0.19223
0.192194
0.192292
0.192475
0.192158
0.191809
0.191747
0.192323
0.192595
0.192602
0.192175
0.191388
0.190908
0.191313
0.191605
0.192144
0.192439
0.192401
0.192104
0.191821
0.191599
0.192319
0.192725
0.192844
0.192805
0.192582
0.192153
0.191658
0.191563
0.19179
0.192309
0.192767
0.192891
0.192803
0.191895
0.191635
0.191193
0.191508
0.191221
0.191362
0.191744
0.191654
0.191136
0.191195
0.191461
0.191996
0.192284
0.19225
0.191865
0.192005
0.192047
0.192026
0.191462
0.191508
0.191422
0.191453
0.190916
0.19069
0.190213
0.190252
0.189953
0.190484
0.190958
0.191443
0.191591
0.191737
0.191986
0.1923
0.192718
0.192595
0.192884
0.193145
0.192822
0.192211
0.191598
0.19152
0.191694
0.192224
0.192711
0.193226
0.193087
0.192834
0.192206
0.191255
0.191322
0.191802
0.192394
0.19291
0.193167
0.193309
0.193004
0.192594
0.192346
0.192793
0.193196
0.193798
0.193745
0.193354
0.192848
0.19255
0.192378
0.192624
0.192564
0.192954
0.193765
0.194234
