1.06217
1.06457
1.06219
1.06393
1.06317
1.06421
1.0646
1.06543
1.0657
1.06656
1.06703
1.06833
1.06863
1.07063
1.07059
1.07301
1.07198
1.07516
1.07438
1.0776
1.07749
1.08068
1.08098
1.08423
1.08498
1.08805
1.08927
1.09227
1.09364
1.09647
1.09851
1.10088
1.10325
1.10658
1.10857
1.11297
1.11432
1.11921
1.1199
1.12529
1.12655
1.13181
1.13368
1.13864
1.14158
1.14585
1.15007
1.15357
1.15829
1.16153
1.16637
1.17087
1.17496
1.18036
1.18414
1.18909
1.194
1.19874
1.20469
1.20994
1.21551
1.22186
1.22688
1.23407
1.23904
1.24607
1.2512
1.25897
1.26374
1.27265
1.27758
1.28645
1.29296
1.30103
1.30788
1.31676
1.32365
1.33283
1.34048
1.34943
1.3579
1.36729
1.37567
1.38591
1.39421
1.40504
1.41431
1.42483
1.43516
1.44563
1.45692
1.46741
1.47956
1.48995
1.50259
1.51425
1.52738
1.53993
1.55368
1.56689
1.58109
1.5949
1.60976
1.62373
1.63964
1.65464
1.67081
1.68741
1.70387
1.72146
1.73936
1.7572
1.7766
1.79539
1.81517
1.83542
1.85596
1.87686
1.89955
1.92125
1.94508
1.96844
1.99286
2.01792
2.04431
2.07079
2.09876
2.12729
2.15627
2.18792
2.21844
2.25142
2.285
2.31937
2.35575
2.39248
2.43108
2.47067
2.51168
2.5544
2.59851
2.64492
2.69254
2.7427
2.79375
2.84843
2.90343
2.96273
3.02405
3.08764
3.15543
3.22467
3.2985
3.37509
3.45676
3.54065
3.63196
3.72496
3.82594
3.93121
4.04231
4.16123
4.28684
4.42111
4.56469
4.71737
4.88198
5.05687
5.24722
5.45083
5.67286
5.91324
6.17619
6.46261
6.78059
7.12795
7.51901
7.95091
8.44207
8.99434
9.62998
10.3606
11.2174
12.2307
13.4531
14.9582
16.8623
19.3566
22.7852
27.9071
37.6939
72.5679
164.229
257.927
277.657
277.81
244.225
141.655
61.2683
34.7148
26.555
21.8798
18.683
16.3295
14.5194
13.0781
11.9048
10.9231
10.0979
9.38437
8.77124
8.2288
7.75456
7.32772
6.94934
6.60532
6.29649
6.0127
5.75641
5.51701
5.30122
5.09696
4.91229
4.73658
4.57669
4.42379
4.28432
4.14978
4.02695
3.90766
3.79885
3.69223
3.59546
3.4995
3.41237
3.32632
3.24674
3.16912
3.09716
3.02572
2.96055
2.89532
2.8351
2.77521
2.72045
2.66393
2.61488
2.56205
2.51676
2.46853
2.42577
2.38132
2.3413
2.2998
2.26237
2.22342
2.18862
2.15241
2.1197
2.08556
2.0552
2.02268
1.99484
1.9637
1.93727
1.90855
1.88241
1.8559
1.83044
1.80629
1.78203
1.7595
1.73684
1.71447
1.6944
1.67182
1.65299
1.63152
1.61339
1.59343
1.57566
1.5569
1.53972
1.52142
1.50551
1.48804
1.47269
1.4561
1.44115
1.42522
1.41118
1.39532
1.38306
1.36699
1.35542
1.34107
1.32856
1.31592
1.30312
1.29081
1.27922
1.2666
1.25628
1.24322
1.23384
1.22138
1.21241
1.20015
1.19082
1.17883
1.16966
1.15881
1.14968
1.13995
1.13106
1.12218
1.113
1.10397
1.09533
1.08619
1.07918
1.06967
1.06295
1.05396
1.04653
1.03826
1.03054
1.02209
1.01543
1.00611
1.0009
0.991691
0.986813
0.978057
0.973025
0.965329
0.960004
0.952221
0.946902
0.939077
0.933704
0.927095
0.920966
0.915004
0.909051
0.902787
0.898014
0.890907
0.886579
0.879917
0.875449
0.869529
0.864602
0.858814
0.854037
0.848969
0.844042
0.839194
0.833828
0.829009
0.823566
0.819173
0.813814
0.809295
0.805388
0.799429
0.796325
0.79044
0.787215
0.782391
0.778379
0.774044
0.770006
0.766018
0.762056
0.757716
0.754069
0.748773
0.74608
0.740623
0.737801
0.733998
0.730534
0.72712
0.722797
0.719322
0.715554
0.712297
0.708959
0.70535
0.701699
0.697903
0.695019
0.691094
0.688244
0.684836
0.681724
0.678722
0.675873
0.672849
0.670006
0.667026
0.663368
0.660233
0.656684
0.653305
0.651007
0.647438
0.645063
0.641882
0.639866
0.636357
0.634947
0.630743
0.62898
0.625268
0.623105
0.620167
0.618382
0.615375
0.613552
0.610325
0.608235
0.604624
0.602882
0.599012
0.597711
0.594428
0.593026
0.590035
0.588513
0.585815
0.583846
0.581048
0.578877
0.575698
0.5746
0.571346
0.570311
0.566749
0.565206
0.562782
0.560784
0.558583
0.556503
0.554823
0.552845
0.550936
0.548663
0.546621
0.544477
0.542374
0.540623
0.538162
0.536941
0.534794
0.533646
0.531545
0.530601
0.528016
0.526715
0.523455
0.522144
0.519321
0.518174
0.516154
0.514907
0.512727
0.511495
0.509337
0.508055
0.506533
0.504758
0.502973
0.500898
0.499211
0.498055
0.496153
0.494626
0.492638
0.491186
0.489453
0.488324
0.486265
0.485133
0.48262
0.48135
0.478879
0.478192
0.476261
0.475375
0.47387
0.472573
0.471333
0.469946
0.46821
0.466821
0.46473
0.46418
0.462109
0.461699
0.460213
0.458777
0.457417
0.455924
0.454387
0.453295
0.451863
0.450581
0.449034
0.448054
0.446157
0.44572
0.443485
0.44256
0.441237
0.440029
0.438765
0.437762
0.436079
0.434948
0.433468
0.432959
0.431137
0.431076
0.428905
0.428499
0.426476
0.425974
0.424252
0.424102
0.422177
0.421271
0.419533
0.418436
0.417462
0.416343
0.415226
0.414412
0.413159
0.411932
0.410671
0.409726
0.408222
0.408436
0.40647
0.406309
0.404465
0.403645
0.402482
0.40135
0.400421
0.399296
0.398115
0.397861
0.396164
0.395754
0.39382
0.393181
0.391622
0.390793
0.389757
0.389
0.387915
0.387329
0.386376
0.385638
0.384429
0.383464
0.382539
0.381572
0.380793
0.380038
0.379348
0.378583
0.377447
0.376651
0.375274
0.374737
0.373105
0.372627
0.370987
0.37071
0.369002
0.368614
0.367707
0.36703
0.366345
0.365592
0.364844
0.363683
0.362819
0.36257
0.361426
0.360905
0.35976
0.358878
0.358043
0.357384
0.356427
0.356175
0.355158
0.354818
0.353936
0.353159
0.351742
0.351282
0.350071
0.349637
0.348735
0.348158
0.347377
0.346709
0.345937
0.345814
0.34468
0.344247
0.342773
0.3424
0.341286
0.34074
0.33988
0.339207
0.338289
0.337481
0.336671
0.336589
0.335402
0.335251
0.333887
0.333648
0.332923
0.332463
0.331907
0.331283
0.330735
0.329643
0.328515
0.328089
0.326842
0.326883
0.325618
0.325617
0.324736
0.324317
0.323333
0.323441
0.322564
0.322927
0.321557
0.321617
0.320134
0.319935
0.318372
0.318171
0.317219
0.317178
0.316626
0.31602
0.315197
0.314397
0.313672
0.313144
0.312639
0.311813
0.310629
0.310646
0.309581
0.309719
0.308714
0.308716
0.307599
0.307502
0.306202
0.306181
0.305211
0.305071
0.304948
0.304449
0.304123
0.30374
0.302887
0.302211
0.301658
0.300909
0.30028
0.299677
0.299041
0.298445
0.297671
0.297185
0.296157
0.29619
0.295989
0.296048
0.295177
0.294725
0.293259
0.292772
0.292661
0.292386
0.291941
0.29162
0.290902
0.290604
0.28932
0.28873
0.288727
0.288808
0.288314
0.288037
0.287072
0.286907
0.286068
0.285947
0.285139
0.285046
0.283609
0.283489
0.282084
0.281897
0.281221
0.281356
0.280572
0.280947
0.2801
0.280371
0.279236
0.279246
0.277912
0.277686
0.276858
0.276572
0.275745
0.275688
0.274582
0.274687
0.27339
0.273386
0.272819
0.27275
0.272309
0.272346
0.271379
0.27148
0.270493
0.270349
0.269817
0.269279
0.268598
0.267966
0.267905
0.26808
0.267383
0.267053
0.266475
0.265601
0.264995
0.26459
0.264319
0.264183
0.26406
0.263744
0.263051
0.262598
0.26182
0.261539
0.261096
0.260863
0.260331
0.259824
0.259411
0.259384
0.25857
0.258652
0.257565
0.257645
0.256848
0.257222
0.256584
0.257109
0.256396
0.256572
0.25569
0.255537
0.25456
0.25399
0.253078
0.253173
0.252181
0.252289
0.251898
0.251952
0.251327
0.250984
0.250164
0.250525
0.249912
0.250015
0.249216
0.24923
0.248273
0.247957
0.247183
0.247177
0.246826
0.24688
0.2464
0.246509
0.245818
0.24509
0.244128
0.244251
0.243596
0.243982
0.243056
0.243151
0.24259
0.242719
0.242767
0.242389
0.24195
0.241395
0.240858
0.240235
0.239686
0.239025
0.238674
0.23855
0.238393
0.238339
0.238286
0.238106
0.237721
0.237524
0.237249
0.236558
0.235971
0.23544
0.234929
0.23476
0.234738
0.234624
0.234527
0.23422
0.233688
0.233119
0.232564
0.232844
0.232524
0.232931
0.232035
0.23234
0.231806
0.23203
0.231217
0.231238
0.230222
0.230074
0.229237
0.229139
0.228673
0.22851
0.228317
0.228282
0.228006
0.228113
0.227195
0.227208
0.226283
0.226192
0.225301
0.2252
0.224444
0.224957
0.22447
0.224662
0.223858
0.223734
0.2233
0.222984
0.222412
0.222222
0.221596
0.221584
0.221564
0.221809
0.221591
0.221405
0.22059
0.220184
0.21934
0.219476
0.219058
0.218973
0.218833
0.218877
0.218858
0.218813
0.218556
0.218017
0.217192
0.216789
0.216108
0.216132
0.215704
0.215703
0.215404
0.215179
0.214698
0.214446
0.213684
0.214075
0.213699
0.214123
0.213481
0.213679
0.212575
0.212373
0.212009
0.212169
0.212104
0.211748
0.211566
0.211602
0.211556
0.211323
0.210976
0.210471
0.210154
0.210241
0.209721
0.20971
0.208948
0.20911
0.208378
0.208559
0.207869
0.207903
0.207141
0.207498
0.207022
0.207221
0.20654
0.206524
0.205769
0.205487
0.205384
0.205627
0.205845
0.205613
0.205069
0.204409
0.203716
0.203894
0.203434
0.203578
0.203271
0.203173
0.202761
0.202518
0.202079
0.201918
0.201674
0.201582
0.201436
0.20151
0.200659
0.200419
0.200268
0.200045
0.199931
0.200044
0.200117
0.200112
0.199889
0.19947
0.198747
0.198122
0.197862
0.197949
0.197534
0.197406
0.197267
0.19743
0.197017
0.196883
0.196432
0.196193
0.196109
0.196064
0.196022
0.195816
0.195556
0.195065
0.194478
0.19419
0.193782
0.194077
0.193877
0.194426
0.193757
0.193702
0.193414
0.193146
0.192771
0.192616
0.192129
0.192549
0.192279
0.192303
0.191485
0.19161
0.191139
0.191254
0.190608
0.19085
0.190369
0.19045
0.190274
0.189991
0.189524
0.189264
0.188817
0.189061
0.188768
0.189122
0.188722
0.188945
0.187992
0.187784
0.187785
0.187758
0.187525
0.186915
0.186516
0.18651
0.186114
0.186176
0.185816
0.185964
0.185587
0.185765
0.185659
0.185423
0.18496
0.18484
0.184142
0.184461
0.184455
0.1848
0.184477
0.184184
0.183296
0.183055
0.182895
0.183141
0.182657
0.182601
0.182031
0.18212
0.181386
0.181531
0.181637
0.181539
0.181443
0.181338
0.180685
0.180896
0.180361
0.180355
0.179592
0.179565
0.179431
0.179766
0.179978
0.179774
0.179445
0.179051
0.178793
0.178784
0.17858
0.178601
0.178245
0.178343
0.177964
0.178203
0.177893
0.177927
0.177402
0.177147
0.176536
0.176821
0.176732
0.176174
0.175734
0.175301
0.175069
0.175168
0.175303
0.17531
0.175154
0.174929
0.174558
0.175027
0.174858
0.174875
0.173939
0.173628
0.173208
0.173241
0.173362
0.173225
0.172958
0.172854
0.172938
0.173018
0.172354
0.172566
0.172285
0.172225
0.171394
0.171708
0.171586
0.171894
0.17147
0.17165
0.170954
0.170647
0.170512
0.170483
0.170264
0.169964
0.169391
0.169587
0.169055
0.169146
0.169167
0.169194
0.169093
0.168604
0.168269
0.168998
0.168747
0.168847
0.168144
0.16815
0.167549
0.167471
0.166979
0.167134
0.166868
0.167005
0.166656
0.166877
0.166545
0.166613
0.166707
0.166565
0.166269
0.166028
0.165823
0.165697
0.165618
0.165514
0.165213
0.165504
0.165157
0.165113
0.164686
0.16453
0.164094
0.164246
0.163951
0.1641
0.163596
0.163616
0.163398
0.163048
0.162911
0.16339
0.163072
0.163143
0.162401
0.162335
0.162293
0.162698
0.162435
0.162364
0.161744
0.161624
0.161046
0.161262
0.161294
0.161332
0.161173
0.161229
0.161065
0.161044
0.160815
0.160475
0.160106
0.159716
0.159549
0.159425
0.159139
0.158973
0.158722
0.159148
0.159045
0.159464
0.159056
0.159067
0.158507
0.158519
0.158098
0.158056
0.15762
0.157656
0.157404
0.15747
0.157369
0.157259
0.157105
0.157124
0.156841
0.157132
0.156827
0.157083
0.156576
0.156701
0.156277
0.156218
0.155843
0.155945
0.155758
0.155614
0.155433
0.155221
0.154795
0.15497
0.154714
0.155011
0.154516
0.154734
0.154737
0.154922
0.154943
0.154857
0.154599
0.154262
0.153829
0.153611
0.153225
0.153437
0.152993
0.153093
0.152753
0.153032
0.153056
0.152634
0.152365
0.152086
0.151948
0.152253
0.152128
0.152127
0.151776
0.151921
0.151534
0.151626
0.151186
0.151275
0.15111
0.151069
0.151015
0.150741
0.150797
0.150867
0.150881
0.150697
0.150445
0.149833
0.149522
0.149553
0.149641
0.149786
0.149415
0.149554
0.149032
0.149067
0.148605
0.14869
0.148679
0.148766
0.148839
0.148742
0.14854
0.148223
0.148052
0.147681
0.147353
0.147598
0.147792
0.148356
0.148464
0.148459
0.147744
0.14757
0.147348
0.147513
0.147609
0.147419
0.146841
0.146133
0.145531
0.145622
0.14545
0.14559
0.14567
0.145842
0.146191
0.146151
0.145894
0.145566
0.145351
0.145044
0.144727
0.145032
0.144658
0.144874
0.144618
0.144862
0.144528
0.144672
0.144282
0.144228
0.143688
0.143694
0.143479
0.143613
0.143312
0.143239
0.142877
0.142679
0.142727
0.142882
0.142945
0.143073
0.142938
0.142997
0.142349
0.142163
0.142042
0.141957
0.141705
0.141889
0.14161
0.14175
0.141584
0.141406
0.141346
0.141478
0.141407
0.141652
0.141522
0.141285
0.141177
0.141189
0.140957
0.141007
0.140552
0.140233
0.140076
0.140207
0.139941
0.140199
0.139754
0.139706
0.13997
0.14015
0.140241
0.139932
0.139491
0.138782
0.138388
0.138696
0.138507
0.138783
0.138162
0.138176
0.138464
0.138456
0.138352
0.138042
0.137646
0.137736
0.137583
0.137925
0.137637
0.137771
0.13721
0.137409
0.137486
0.137793
0.137717
0.137672
0.137069
0.136659
0.136098
0.136158
0.13617
0.136753
0.137
0.137228
0.136798
0.136744
0.136004
0.135837
0.135255
0.135187
0.134874
0.13515
0.134895
0.135046
0.134947
0.134954
0.134697
0.134589
0.134799
0.135243
0.135304
0.135433
0.13523
0.135292
0.134842
0.134902
0.134223
0.133972
0.133759
0.133921
0.133729
0.133805
0.133723
0.133814
0.133792
0.133617
0.133475
0.133202
0.132989
0.133181
0.133577
0.134038
0.134139
0.133677
0.133137
0.132455
0.132147
0.13244
0.13258
0.132737
0.132579
0.132885
0.132798
0.133186
0.132956
0.13303
0.132336
0.131972
0.131198
0.131147
0.130911
0.131483
0.131564
0.131739
0.131061
0.130812
0.130218
0.130219
0.130386
0.130567
0.130433
0.130628
0.130335
0.130672
0.130732
0.13094
0.130459
0.130332
0.129564
0.129498
0.129288
0.129467
0.129177
0.129393
0.129551
0.129242
0.1289
0.129091
0.129059
0.129208
0.12901
0.128943
0.128896
0.128704
0.128331
0.128322
0.128092
0.128058
0.127785
0.127565
0.127741
0.127891
0.127991
0.127647
0.127395
0.127041
0.126944
0.127116
0.127121
0.1272
0.127301
0.127117
0.126979
0.126955
0.126978
0.127066
0.126786
0.126406
0.126038
0.126135
0.126148
0.126528
0.126818
0.126635
0.126438
0.125786
0.12542
0.125572
0.125277
0.125321
0.125189
0.125605
0.125614
0.125976
0.125806
0.125879
0.125494
0.125559
0.125159
0.125097
0.124687
0.124779
0.124718
0.124624
0.124565
0.125058
0.125033
0.12517
0.12479
0.124758
0.124431
0.124469
0.124436
0.124176
0.124113
0.123984
0.123862
0.123641
0.123772
0.123932
0.123807
0.123602
0.123017
0.123162
0.12309
0.1233
0.12313
0.123068
0.122583
0.122295
0.122111
0.122101
0.122116
0.122376
0.122362
0.122557
0.122372
0.122486
0.122479
0.122496
0.122335
0.122468
0.122723
0.122573
0.12221
0.121752
0.121495
0.121614
0.121261
0.121293
0.121143
0.12141
0.121486
0.121669
0.121488
0.121472
0.121245
0.121342
0.121202
0.121264
0.120703
0.120465
0.120004
0.11997
0.119861
0.119934
0.119562
0.119473
0.119625
0.120026
0.120216
0.12005
0.119902
0.119992
0.120172
0.120498
0.120249
0.120229
0.119459
0.119083
0.118824
0.119031
0.118835
0.119099
0.118953
0.118996
0.118782
0.118638
0.118204
0.118129
0.11811
0.118077
0.118033
0.11808
0.118221
0.11816
0.118246
0.118299
0.118405
0.118388
0.118019
0.117649
0.117677
0.117722
0.117949
0.118059
0.118034
0.117954
0.11772
0.117435
0.117417
0.117302
0.117357
0.117594
0.117662
0.117851
0.117367
0.117224
0.116547
0.116335
0.116256
0.116353
0.116173
0.116387
0.116419
0.116543
0.116438
0.116256
0.116035
0.116041
0.116
0.116373
0.116323
0.116352
0.11643
0.116608
0.116436
0.115696
0.115014
0.115272
0.115316
0.115697
0.115711
0.115434
0.114831
0.114947
0.114892
0.115196
0.11515
0.115112
0.114818
0.114501
0.114103
0.114193
0.114544
0.115198
0.115494
0.115832
0.115367
0.115038
0.114465
0.114299
0.114128
0.114151
0.114194
0.114389
0.114509
0.114133
0.113856
0.113575
0.113607
0.113588
0.113517
0.113329
0.113356
0.113364
0.113268
0.113095
0.113084
0.113197
0.113288
0.113467
0.113365
0.113291
0.112829
0.112282
0.112471
0.112665
0.112503
0.112329
0.112327
0.11251
0.112153
0.111879
0.11184
0.112391
0.112695
0.112889
0.11293
0.112784
0.112578
0.112171
0.1117
0.111436
0.111284
0.111158
0.110603
0.11043
0.110704
0.111063
0.111196
0.110727
0.110482
0.110787
0.110914
0.11134
0.111489
0.1117
0.111671
0.111351
0.110983
0.110507
0.110143
0.109883
0.109973
0.110344
0.110694
0.110813
0.110691
0.110144
0.1095
0.10948
0.109675
0.109992
0.109934
0.109957
0.109797
0.109775
0.10968
0.109836
0.109706
0.109843
0.109731
0.11
0.109973
0.109747
0.109175
0.108899
0.109045
0.109192
0.109256
0.109239
0.109496
0.109561
0.109661
0.109568
0.109382
0.108912
0.108626
0.108376
0.108267
0.107995
0.107894
0.107953
0.108135
0.108135
0.108179
0.107786
0.10754
0.1074
0.107436
0.107614
0.107778
0.107552
0.107442
0.107317
0.107585
0.107766
0.107855
0.107719
0.107535
0.107162
0.107038
0.107086
0.106957
0.107267
0.10763
0.108127
0.108181
0.108119
0.107379
0.106884
0.106852
0.106994
0.10703
0.106787
0.106707
0.106612
0.106311
0.106061
0.105778
0.105925
0.106117
0.106577
0.106708
0.106969
0.106762
0.106522
0.105671
0.105404
0.105105
0.105138
0.105193
0.105339
0.105088
0.105097
0.10495
0.104922
0.105285
0.105378
0.105468
0.105477
0.105621
0.105692
0.105804
0.10578
0.105755
0.10562
0.105654
0.105855
0.106079
0.105985
0.105898
0.105523
0.105321
0.105085
0.105034
0.104897
0.104748
0.10475
0.104889
0.104692
0.104447
0.104345
0.104152
0.104318
0.104267
0.104423
0.104346
0.104708
0.10469
0.104689
0.104388
0.104357
0.103838
0.103837
0.103884
0.103851
0.10332
0.103265
0.103188
0.103207
0.103459
0.103616
0.103927
0.103999
0.104071
0.103917
0.103854
0.103567
0.103294
0.102983
0.102999
0.103158
0.103615
0.103671
0.103461
0.103128
0.102803
0.103036
0.102988
0.103117
0.102843
0.102825
0.102694
0.102845
0.102926
0.102878
0.102754
0.102503
0.102357
0.102357
0.102321
0.102506
0.102618
0.102484
0.102282
0.102284
0.102145
0.102261
0.102065
0.102045
0.101828
0.102259
0.102461
0.102563
0.102352
0.102082
0.101574
0.101433
0.101169
0.101181
0.101028
0.101221
0.101165
0.101236
0.101173
0.101181
0.101196
0.101229
0.101304
0.101516
0.101727
0.101675
0.101783
0.101653
0.101709
0.101572
0.101404
0.100946
0.100487
0.100564
0.100906
0.101229
0.100931
0.100773
0.100934
0.100854
0.100817
0.10035
0.100226
0.100386
0.100321
0.100199
0.100034
0.0998434
0.0998468
0.100055
0.100143
0.100288
0.10001
0.0998602
0.0995718
0.0993613
0.098998
0.0991188
0.0991356
0.0992186
0.0993096
0.0993129
0.0992785
0.0997952
0.100208
0.100548
0.100467
0.100328
0.10033
0.100413
0.100042
0.0995689
0.0992439
0.0988848
0.0987693
0.0988666
0.0987981
0.0988209
0.098659
0.0984798
0.0986491
0.0986888
0.0988671
0.0988696
0.0988197
0.0986379
0.0983826
0.098546
0.0985974
0.0987418
0.0986761
0.0987773
0.0984333
0.0982912
0.0981209
0.0981626
0.0980246
0.0982276
0.0981927
0.0983009
0.0981233
0.0980232
0.097786
0.09792
0.0980198
0.0979343
0.097637
0.0973011
0.0973597
0.0973145
0.0972102
0.097043
0.0973435
0.0977035
0.097771
0.097574
0.0972831
0.097001
0.0968387
0.096931
0.0969998
0.0971129
0.0969777
0.0967862
0.0966689
0.0965491
0.0964679
0.0966272
0.0965276
0.096559
0.0964587
0.0964068
0.0967772
0.0970315
0.0973225
0.0972782
0.0971276
0.0965524
0.0963355
0.0966788
0.0969676
0.0971931
0.0970142
0.0967867
0.0964867
0.0965022
0.0964973
0.0963314
0.0957824
0.0956955
0.0958524
0.0956894
0.0958746
0.0959463
0.0955971
0.0955021
0.0952437
0.0950879
0.0954344
0.0958269
0.0957052
0.0956159
0.095262
0.0952306
0.0951869
0.0951947
0.0952685
0.095281
0.0954282
0.0952037
0.0952465
0.0952673
0.0955206
0.0958219
0.0959031
0.09584
0.095907
0.0958497
0.0958111
0.0960169
0.0958656
0.0955103
0.0954346
0.0955748
0.0952321
0.094874
0.094518
0.0942758
0.0941304
0.0946987
0.0951177
0.0950809
0.09449
0.0940486
0.0946336
0.0951183
0.0952206
0.0947904
0.0947071
0.0946681
0.0946425
0.0945366
0.0947682
0.0949173
0.0950574
0.0947818
0.0944846
0.0943137
0.0943645
0.0941442
0.0942119
0.0943644
0.0947094
0.094678
0.0945802
0.0941657
0.0939585
0.0937895
0.09379
0.0936436
0.0937
0.0936328
0.0936059
0.0938027
0.0938817
0.0934629
0.0928668
0.0928484
0.0932875
0.0935662
0.0936581
0.0934177
0.0928895
0.0925335
0.0925811
0.0923983
0.0927884
0.0930875
0.093105
0.0930793
0.092781
0.0932231
0.0934542
0.0934766
0.0935604
0.0935406
0.0934682
0.0937065
0.0939352
0.0937803
0.0932983
0.0931621
0.0930097
0.0932232
0.0933789
0.0933016
0.0927688
0.0923672
0.0919649
0.0920009
0.0921338
0.0920066
0.0919759
0.0916707
0.0915685
0.0918968
0.0918873
0.09192
0.0920006
0.0920798
0.0921033
0.0922775
0.0922568
0.0923564
0.0923513
0.0925196
0.0924721
0.0923488
0.0919975
0.0917807
0.0915622
0.0916017
0.0912136
0.0909305
0.0912084
0.0911008
0.0910106
0.0908422
0.090987
0.0909005
0.0910712
0.0911435
0.091467
0.0915921
0.0915211
0.0912909
0.0908927
0.0904507
0.090555
0.0907547
0.0906231
0.0906729
0.0907248
0.0909047
0.0908749
0.0908682
0.0909872
0.0908364
0.0908484
0.0905229
0.0905077
0.0907539
0.0908598
0.0905574
0.0902697
0.0901803
0.0903645
0.0904355
0.0904789
0.090773
0.0907006
0.0906058
0.0904122
0.0900716
0.0898704
0.0903216
0.0908491
0.0909467
0.0908889
0.0902331
0.089901
0.0897696
0.0899273
0.0901358
0.0904668
0.090263
0.0900576
0.0900083
0.0898723
0.0899424
0.0902153
0.0901658
0.0899907
0.0897587
0.0897568
0.0896548
0.0895574
0.0893003
0.0895089
0.0894601
0.0893256
0.0890787
0.0891272
0.0894743
0.0894806
0.0894564
0.0891759
0.0894403
0.0899566
0.0900304
0.0899136
0.0897345
0.0897381
0.0897575
0.0897398
0.0893308
0.0892283
0.0894812
0.089551
0.0894648
0.0891924
0.0891813
0.0888938
0.0886096
0.0883224
0.0885931
0.0889686
0.0892291
0.0894046
0.0891682
0.0889636
0.0888953
0.0890201
0.0892406
0.0893941
0.0890806
0.088815
0.0885065
0.0885086
0.0887363
0.0889994
0.0890971
0.089119
0.0892265
0.0891303
0.0887483
0.0885445
0.0878621
0.0875784
0.0874956
0.0876754
0.0878563
0.0882783
0.0884285
0.0884003
0.088356
0.0884332
0.0885851
0.0885621
0.0885792
0.0883415
0.0882853
0.0882154
0.0882323
0.0881005
0.088065
0.087711
0.0874345
0.0876164
0.0879144
0.0882984
0.088315
0.0883034
0.0878067
0.0873093
0.0868759
0.0867274
0.0867373
0.0869607
0.0872282
0.0871774
0.0871471
0.087232
0.0870925
0.0870582
0.0869247
0.0873389
0.0878309
0.0878357
0.0878345
0.0876295
0.0873516
0.0869747
0.086995
0.0872368
0.0875216
0.0876094
0.0871962
0.0869339
0.0865981
0.0864459
0.0862429
0.0864208
0.086541
0.0866337
0.0866362
0.0868844
0.0870375
0.0867371
0.0866866
0.0865759
0.0866646
0.0868394
0.086909
0.0868704
0.0869761
0.0868247
0.0867451
0.0865743
0.0863232
0.0861356
0.0861943
0.0861269
0.0860754
0.0864222
0.0864573
0.0864758
0.086281
0.086138
0.0857104
0.0856707
0.0855156
0.0855815
0.0859678
0.0863948
0.0866353
0.0865827
0.0864346
0.0860955
0.0859676
0.0859045
0.0857116
0.0858581
0.0859017
0.0861518
0.0863238
0.0863072
0.0861556
0.0858015
0.0856454
0.0855647
0.0854608
0.0850379
0.0847831
0.0849216
0.08509
0.0853277
0.0854071
0.0853762
0.0852262
0.085116
0.085216
0.0855339
0.0855791
0.0854948
0.0852262
0.0849986
0.0853217
0.0856063
0.0856058
0.0852537
0.0849618
0.0848398
0.0848686
0.0848619
0.0845837
0.0846225
0.0848956
0.0849488
0.085032
0.0850353
0.0852601
0.0854219
0.0851674
0.0851878
0.0851408
0.0851122
0.0850362
0.0848481
0.0844241
0.0846485
0.0846106
0.0848727
0.0850255
0.0851809
0.085004
0.0844394
0.0840634
0.0840102
0.084246
0.084663
0.0845705
0.0843317
0.0838963
0.0838573
0.0838346
0.0842201
0.0844119
0.0845555
0.0843071
0.0845387
0.084669
0.0845998
0.0843774
0.0845756
0.084383
0.0841458
0.0839568
0.0842045
0.0840756
0.0838178
0.0837132
0.0838595
0.0839186
0.0842058
0.0842587
0.0841977
0.0839706
0.0839542
0.0835612
0.083276
0.0829277
0.0832798
0.0836594
0.0837758
0.0834131
0.0831915
0.0832735
0.0834265
0.083396
0.0835074
0.0834671
0.083402
0.0830536
0.0829481
0.0829573
0.0830918
0.0835213
0.0840357
0.084081
0.0835746
0.0835835
0.0838736
0.0838279
0.0838857
0.0838946
0.0840074
0.0838662
0.083654
0.0833021
0.0830217
0.0830239
0.0831426
0.0830924
0.0832325
0.0830576
0.0830189
0.0828484
0.0828791
0.082942
0.0829366
0.0828065
0.0825729
0.0825932
0.0824979
0.082336
0.0824366
0.0830081
0.0833905
0.0834498
0.0831632
0.0831269
0.0831038
0.0831076
0.0829625
0.0827322
0.0822072
0.0820888
0.0825206
0.0824379
0.0823049
0.0822015
0.0822656
0.0823096
0.0823071
0.0822618
0.0821912
0.0822796
0.0823665
0.0824237
0.0821955
0.0820467
0.082084
0.0823452
0.0828113
0.0830756
0.0828108
0.0823647
0.0817052
0.0813042
0.0810626
0.0809858
0.0809554
0.081153
0.0814821
0.0820607
0.0824325
0.08236
0.0822313
0.0821465
0.0821465
0.0824851
0.0826068
0.0825013
0.0823841
0.0821155
0.0819493
0.0815354
0.0815136
0.0816592
0.081613
0.0815061
0.0816521
0.0817951
0.0818453
0.081622
0.0815214
0.0814444
0.0814645
0.0816152
0.0818237
0.0815692
0.0814339
0.0811622
0.0809588
0.0808772
0.0806934
0.0805864
0.0805575
0.0806622
0.0809113
0.0809153
0.0809216
0.0808431
0.0808937
0.0810181
0.0813618
0.0814447
0.0813204
0.081047
0.0806842
0.0802609
0.0802013
0.0801699
0.0805492
0.0807811
0.0812095
0.0814588
0.081254
0.0809175
0.0809478
0.0810247
0.0809776
0.0807069
0.0805646
0.0805063
0.080428
0.0802874
0.0802472
0.080092
0.0799014
0.0799298
0.080159
0.0800965
0.080188
0.0801799
0.0801736
0.079982
0.0799016
0.0800453
0.0803682
0.08077
0.0808758
0.0803971
0.0805225
0.0807028
0.0808196
0.0806154
0.0804905
0.0803209
0.0799511
0.0797858
0.0799354
0.0798612
0.0797991
0.0798478
0.0801703
0.0804576
0.0804031
0.0800674
0.0797405
0.079587
0.0796124
0.0796413
0.0799078
0.0799366
0.0801707
0.0802136
0.0802685
0.0800723
0.0798704
0.0794422
0.0797079
0.0797753
0.0795949
0.0795147
0.0794772
0.0793249
0.0795264
0.079744
0.0797124
0.0795307
0.0795742
0.079541
0.0796927
0.0796394
0.0794282
0.0789574
0.0789317
0.0793418
0.0795923
0.0795614
0.0793194
0.0793856
0.079565
0.0796472
0.0796111
0.0796513
0.0795874
0.0794915
0.0793667
0.0787929
0.0785133
0.0788582
0.0792006
0.0795851
0.0797618
0.079661
0.0797124
0.0798029
0.0797339
0.0795036
0.0792779
0.0788997
0.0789018
0.0787808
0.0788467
0.0787098
0.0786553
0.0787264
0.0788091
0.0789529
0.0789617
0.0788691
0.0787522
0.0785795
0.0784104
0.0782355
0.07836
0.0783942
0.0786763
0.07884
0.0790176
0.0789766
0.0790232
0.0787233
0.078716
0.0786518
0.0788208
0.0787095
0.0788345
0.0786849
0.0785654
0.0784006
0.0787242
0.0788772
0.0792342
0.0791693
0.0788974
0.078394
0.0780837
0.078176
0.0781782
0.0781298
0.0782183
0.078081
0.0780348
0.0778852
0.0779957
0.0779284
0.0782443
0.0783425
0.0784908
0.0786967
0.0789358
0.0790281
0.0790258
0.0788943
0.0786837
0.0783679
0.0780193
0.0778746
0.0784815
0.0787525
0.0786927
0.078215
0.0780623
0.0776881
0.0775422
0.077289
0.0772287
0.0774766
0.0775616
0.0776228
0.077691
0.0778292
0.0778699
0.0775704
0.0776912
0.0775469
0.0774743
0.0775091
0.0778027
0.0777697
0.0779147
0.0777663
0.0778071
0.0778576
0.0779772
0.077797
0.0776188
0.0773714
0.0770967
0.0770837
0.0775369
0.0779518
0.0782866
0.0784421
0.0783538
0.0782609
0.0781317
0.0778355
0.0776817
0.0778366
0.0778853
0.0778461
0.0777094
0.0775715
0.0776047
0.0775565
0.0775408
0.0776353
0.0776027
0.0775213
0.0774087
0.0772107
0.0769456
0.0768795
0.0767771
0.0767628
0.0768153
0.0768907
0.0771293
0.0771474
0.07728
0.0772202
0.0772733
0.07728
0.0771063
0.0768343
0.0770582
0.0769477
0.0770385
0.0770346
0.0771941
0.0769817
0.0770266
0.07683
0.0766703
0.0763719
0.0766236
0.0767157
0.0769721
0.077093
0.0772903
0.0771494
0.0771739
0.0767597
0.0764357
0.0764786
0.076775
0.0768819
0.0767806
0.0767906
0.0767918
0.0766898
0.0767015
0.0764764
0.0762587
0.0758927
0.0763684
0.0766537
0.0768352
0.0765213
0.0760271
0.0758725
0.0761615
0.0763269
0.0763823
0.0763537
0.0763317
0.0760506
0.0760514
0.0760568
0.0760914
0.0762044
0.0763638
0.0763114
0.0763817
0.0762966
0.0763526
0.0763672
0.076395
0.0763066
0.0764569
0.0766914
0.0768798
0.0769479
0.0769254
0.0767107
0.0763784
0.0759874
0.0758646
0.0758324
0.076238
0.076704
0.0771687
0.0769063
0.0764921
0.0759583
0.0759935
0.0762592
0.0761896
0.0759417
0.0755863
0.0751674
0.0749368
0.0749106
0.0752465
0.0755816
0.075891
0.075882
0.0757677
0.0754482
0.0754181
0.0754884
0.0758002
0.0758479
0.0760952
0.0758929
0.0756307
0.075118
0.075139
0.0751709
0.075503
0.0757036
0.0759312
0.0757846
0.0756062
0.0753668
0.0754068
0.0757185
0.0759792
0.0762303
0.0765886
0.076643
0.0764767
0.076133
0.0756501
0.075304
0.0754741
0.0755485
0.0754267
0.0750614
0.0752079
0.0752442
0.0753111
0.0749554
0.0747902
0.0748051
0.0749629
0.0756366
0.0762297
0.0761132
0.0759594
0.0757406
0.0752734
0.0752808
0.0755111
0.0753551
0.0753182
0.0752288
0.075171
0.0749835
0.0749673
0.0749079
0.0750593
0.0753548
0.0755984
0.0754774
0.07534
0.0752755
0.0752985
0.0754223
0.0755787
0.0755402
0.0754576
0.0753655
0.075675
0.07593
0.0760962
0.0758883
0.0757538
0.0751897
0.0750227
0.0749059
0.0746772
0.074647
0.0748359
0.0747157
0.0745913
0.0745342
0.0745835
0.0745631
0.0745232
0.0743619
0.0745551
0.0745058
0.0745188
0.0743698
0.0745538
0.0746001
0.0749815
0.0752324
0.0752811
0.0747619
0.0745131
0.0743971
0.0743457
0.0746053
0.0748624
0.0751857
0.0755747
0.0754688
0.0751714
0.0751463
0.0752107
0.0750579
0.0748195
0.0746713
0.0745833
0.0746539
0.0748288
0.0746586
0.0741997
0.0741879
0.0745146
0.0744705
0.0743993
0.0741075
0.0740452
0.0741204
0.0742245
0.074299
0.0744236
0.0743059
0.0741698
0.0739925
0.0737326
0.0734437
0.0736888
0.0738689
0.0740209
0.0738276
0.0737503
0.0736123
0.0737575
0.0738457
0.0737095
0.0737385
0.0737926
0.0737489
0.0736516
0.0735382
0.0736072
0.073917
0.0743253
0.0744552
0.0746783
0.074452
0.0742332
0.0738389
0.0738726
0.0738657
0.0738353
0.0738631
0.0743547
0.0746378
0.0747847
0.0744547
0.0743674
0.07411
0.0741236
0.0738311
0.0735032
0.0733019
0.0737942
0.0741648
0.0743213
0.0742266
0.0739768
0.0739288
0.0740892
0.0742441
0.0742558
0.0741508
0.0740099
0.0736587
0.0732897
0.0734611
0.0737665
0.0738671
0.0737343
0.0735051
0.0735688
0.0735947
0.0738533
0.0739863
0.0739508
0.0735062
0.0732624
0.0730295
0.0733289
0.0733963
0.0734936
0.0732988
0.0733614
0.0733778
0.0736727
0.0738176
0.0741157
0.0740846
0.0740213
0.0735653
0.0735379
0.0734796
0.0736636
0.0734772
0.073299
0.0730658
0.0732582
0.0733604
0.0735663
0.0734152
0.073322
0.0728064
0.0728322
0.072886
0.0729453
0.0729209
0.0731129
0.0729063
0.0729756
0.073109
0.0733154
0.0733261
0.0731535
0.0731153
0.0730387
0.0727381
0.0725614
0.0722896
0.0724304
0.0723961
0.0726757
0.07285
0.0733934
0.0735651
0.073744
0.0735804
0.0734683
0.0730698
0.0731768
0.0732114
0.0734108
0.0733135
0.0732761
0.0729324
0.0726944
0.072533
0.0729837
0.0732026
0.0734112
0.0731969
0.0731222
0.0727899
0.0728417
0.0726732
0.0727838
0.0727941
0.0728178
0.0724441
0.0724223
0.0723608
0.0725821
0.0729526
0.0731815
0.0728555
0.0728083
0.0728973
0.0731196
0.0729776
0.0731199
0.0730263
0.0731601
0.0730142
0.0728748
0.072694
0.0727594
0.0726073
0.0726657
0.0725126
0.0727519
0.0726388
0.0728755
0.0729004
0.0727841
0.0724482
0.0724927
0.0723446
0.0723374
0.0721377
0.0722434
0.0725314
0.073006
0.0730049
0.0728389
0.0724168
0.0725181
0.0723808
0.0724622
0.0723647
0.0724806
0.0723041
0.072438
0.0724682
0.0723402
0.0720529
0.0720904
0.0719473
0.0719868
0.0721675
0.0723055
0.0721199
0.0721445
0.0719425
0.0722922
0.0725455
0.0726593
0.0724269
0.0721243
0.0721377
0.0722427
0.0723871
0.0725034
0.072469
0.0722999
0.0721895
0.0722322
0.0720936
0.0724135
0.0724608
0.0725821
0.0723066
0.0723204
0.0721797
0.0722189
0.0720908
0.0718767
0.072039
0.0722713
0.0722321
0.0722225
0.072186
0.0727057
0.0727818
0.0728452
0.0724657
0.0721687
0.0720378
0.0723814
0.0725269
0.0726481
0.0724303
0.0723528
0.0723607
0.0725406
0.0726262
0.0726721
0.0722534
0.0717124
0.0719291
0.0723127
0.0723403
0.0724354
0.0725012
0.0725726
0.0723899
0.0722903
0.0720766
0.0718098
0.0714201
0.0716474
0.0716898
0.0719831
0.0718157
0.0716242
0.0712361
0.071505
0.0716305
0.0719995
0.0721307
0.0721481
0.0719455
0.0719301
0.071612
0.0714858
0.0713658
0.0713965
0.0712024
0.0712054
0.0712829
0.071374
0.0712507
0.071421
0.0714349
0.0716161
0.0715113
0.0715259
0.0713265
0.0711763
0.0709244
0.0708511
0.0708721
0.0712516
0.0712816
0.071448
0.0712313
0.0713092
0.0712788
0.0714947
0.0714961
0.0716347
0.0716036
0.0716224
0.0713054
0.0712878
0.0710941
0.0713557
0.0713459
0.0713846
0.0715606
0.0719133
0.072092
0.0720605
0.0718688
0.0716778
0.0715567
0.0714868
0.0714132
0.071288
0.0711139
0.0714392
0.0715097
0.0719486
0.0720562
0.0720892
0.0719115
0.07205
0.0719344
0.0720437
0.0719395
0.0720313
0.0717531
0.0716814
0.0714246
0.0714239
0.0712172
0.0714878
0.0714686
0.0717456
0.0716739
0.0715545
0.0713207
0.0713461
0.0713065
0.0715309
0.0716603
0.0717079
0.071525
0.0713313
0.0710678
0.0708223
0.0706774
0.0707216
0.0708608
0.071051
0.0710154
0.0708658
0.0708586
0.0707972
0.0707509
0.0708428
0.0709831
0.0708357
0.0706674
0.0708903
0.0709923
0.0710438
0.0707125
0.0702644
0.070522
0.0712192
0.0717238
0.0720064
0.0718282
0.0714646
0.070865
0.0702772
0.0699264
0.0702015
0.0702556
0.0705599
0.0706531
0.0706129
0.0704154
0.0705835
0.0706001
0.070736
0.0707281
0.0707679
0.0706328
0.0706769
0.0706994
0.0709905
0.0711041
0.0713329
0.0710761
0.070937
0.0709562
0.0710989
0.0708593
0.0705509
0.0703642
0.0705271
0.0704651
0.0707133
0.0707603
0.0709212
0.070816
0.070938
0.07079
0.0707302
0.0707952
0.0707093
0.0705804
0.0705478
0.0704689
0.0703589
0.0701545
0.0703956
0.070595
0.0705147
0.070318
0.07045
0.0707339
0.071247
0.0713704
0.0714855
0.0710745
0.071002
0.0708706
0.0709794
0.0707834
0.0707689
0.0703468
0.0700967
0.0701066
0.070466
0.0706129
0.070515
0.0702405
0.0699943
0.0701874
0.0704699
0.0705162
0.0706146
0.0704411
0.0702755
0.0700738
0.0700803
0.069878
0.0700767
0.0700933
0.0703292
0.070594
0.0707237
0.0703547
0.0699848
0.0698883
0.07001
0.0701845
0.0703451
0.0703924
0.0703885
0.0701033
0.0699339
0.0699475
0.069889
0.0697194
0.0698817
0.0699573
0.069942
0.0697378
0.0699268
0.0698498
0.0698374
0.0699488
0.0702332
0.0700063
0.0698458
0.0694969
0.069561
0.0694852
0.0697753
0.0699229
0.0702137
0.0702164
0.0701878
0.0697475
0.0696964
0.069564
0.0696565
0.0698022
0.0700199
0.0701547
0.070289
0.070155
0.0704149
0.0706511
0.0706058
0.0704612
0.0703433
0.0700878
0.07004
0.0702185
0.0704738
0.0706036
0.0706414
0.0705376
0.0705235
0.0704597
0.0703934
0.0700763
0.0698957
0.0695985
0.0694033
0.0694003
0.0693436
0.0692563
0.0695779
0.0697855
0.0700914
0.0699641
0.0701661
0.0701141
0.0700224
0.0696456
0.0697447
0.0697418
0.0696454
0.0695413
0.0699224
0.0701856
0.0702685
0.0702525
0.0703576
0.0702276
0.0701459
0.0699224
0.0696685
0.0692247
0.0696161
0.0699674
0.0700313
0.0698437
0.070353
0.0704585
0.0704754
0.0703122
0.0702183
0.0699402
0.0700802
0.0699702
0.0699318
0.0698942
0.0700582
0.0699358
0.070078
0.0702596
0.0706265
0.0707235
0.0707045
0.070506
0.0702257
0.0699831
0.0699189
0.0700448
0.0700867
0.069861
0.0696727
0.0694223
0.0698505
0.0698554
0.0699018
0.0698047
0.0699414
0.0696664
0.069544
0.0695158
0.0697477
0.069621
0.0695919
0.0696453
0.0698798
0.0700179
0.0702192
0.070397
0.0704531
0.0699206
0.0697602
0.0697823
0.069779
0.0696437
0.0697092
0.0695922
0.0695024
0.069234
0.0694987
0.069366
0.0692974
0.0689917
0.068891
0.0687668
0.0690946
0.0694108
0.0696455
0.0697241
0.0700911
0.0700894
0.0698129
0.0696585
0.0695535
0.0694038
0.0697384
0.0698961
0.0699774
0.0695309
0.069484
0.0694449
0.069582
0.0695748
0.0697348
0.069601
0.0695126
0.0693937
0.0693964
0.0688917
0.0686989
0.0686484
0.0690778
0.069192
0.0692405
0.0691177
0.0690816
0.069081
0.069268
0.0692869
0.069511
0.0693053
0.0693718
0.0693609
0.0695593
0.0693882
0.0695624
0.0695174
0.0697938
0.0699286
0.07033
0.0702505
0.0701186
0.0695938
0.0693815
0.069301
0.069511
0.0694767
0.0694757
0.0692301
0.0690022
0.0689124
0.0690089
0.0689636
0.0689435
0.0688394
0.068905
0.069046
0.0691797
0.0693199
0.0694203
0.0694254
0.0694952
0.0695539
0.0695144
0.0695437
0.0698009
0.069858
0.0697877
0.0695602
0.0694096
0.0694558
0.0694798
0.0693811
0.0694023
0.0695711
0.0698154
0.0697724
0.0696911
0.0694404
0.0697907
0.0696945
0.0696008
0.0693363
0.0691925
0.0692198
0.0694454
0.0693379
0.0695337
0.0694062
0.0696284
0.0695185
0.0695367
0.0693992
0.0697237
0.0696865
0.0698082
0.0696137
0.0693695
0.0687237
0.0688193
0.0688118
0.0689548
0.0690922
0.0694226
0.0694024
0.0693898
0.0695615
0.0695337
0.0691579
0.0690753
0.0691612
0.0692098
0.0692543
0.0693786
0.0693804
0.0693505
0.0692176
0.0691313
0.06919
0.0693374
0.0691508
0.0690706
0.0689471
0.0691236
0.0690861
0.0687537
0.0685514
0.0687536
0.0690449
0.0694048
0.0693091
0.0691515
0.0690075
0.0689845
0.0691388
0.0693128
0.0691403
0.0689406
0.0689657
0.0692634
0.0692333
0.0692219
0.0689495
0.0691089
0.0689743
0.0691031
0.0688989
0.0689335
0.0686833
0.0687763
0.0685532
0.0685794
0.0687354
0.0688197
0.0686842
0.0687563
0.0690701
0.0694268
0.0692284
0.0691876
0.0691883
0.0693856
0.0695407
0.0697101
0.0695013
0.0690583
0.0687661
0.0692657
0.0693988
0.0696185
0.0693954
0.0691384
0.0686239
0.0686849
0.0690844
0.0694866
0.0695841
0.0697458
0.0697106
0.0696072
0.0693467
0.0691735
0.0687976
0.0686921
0.0686208
0.0688446
0.068835
0.0690295
0.0690356
0.0692119
0.0691389
0.0691416
0.0689439
0.0687812
0.0686593
0.0687318
0.0688025
0.0691306
0.0691436
0.0689794
0.0687467
0.0686431
0.0685909
0.0688874
0.0691872
0.0694464
0.0695308
0.0695717
0.0692145
0.0690082
0.069089
0.0694025
0.0693582
0.0692127
0.0690172
0.0690201
0.0689464
0.0690582
0.0688576
0.0688415
0.0688583
0.0691443
0.0691364
0.0691857
0.0689301
0.0688121
0.068516
0.0685628
0.0689979
0.0697429
0.0699938
0.0698856
0.0693393
0.0688276
0.0692418
0.0696357
0.0695216
0.0694753
0.0691632
0.0692644
0.0689392
0.0690222
0.0691501
0.0692377
0.0691433
0.0687675
0.0682479
0.0679123
0.0682614
0.0687227
0.0686688
0.0685756
0.0686284
0.0687063
0.0686813
0.0686283
0.068533
0.0686061
0.068836
0.0691856
0.0691684
0.0693604
0.0693442
0.0695367
0.0693025
0.0691989
0.068845
0.06879
0.0684266
0.0686035
0.0686779
0.0690606
0.0691681
0.0694315
0.0693743
0.0696285
0.0695206
0.0693728
0.0689963
0.0689789
0.0689706
0.0692275
0.0692756
0.0692372
0.0690077
0.0690043
0.0687774
0.0687798
0.0684188
0.0684887
0.0685035
0.0684685
0.0683162
0.0681843
0.0680769
0.068196
0.0683447
0.0685123
0.068518
0.0686359
0.0688113
0.0689832
0.0688022
0.0689503
0.0690733
0.0691812
0.0690094
0.0690074
0.069085
0.069419
0.0695671
0.0695555
0.0692681
0.0687019
0.0683559
0.0686787
0.0685715
0.0688209
0.0686882
0.0686384
0.0684557
0.0687591
0.0688453
0.0688922
0.0690521
0.0692469
0.0693651
0.0694428
0.0692275
0.0690241
0.0688148
0.0688271
0.068831
0.0689498
0.0689098
0.0688769
0.0684877
0.0685182
0.0684965
0.068721
0.0686804
0.0690224
0.0690027
0.0689342
0.068613
0.0688122
0.068941
0.0693539
0.0695234
0.0696321
0.0693022
0.0690496
0.0687218
0.0687213
0.068442
0.0685985
0.0686627
0.0688391
0.0686598
0.0687711
0.0686139
0.0687504
0.0687111
0.0688495
0.0687514
0.0686919
0.0685802
0.0685125
0.0683664
0.0684703
0.0687331
0.0689866
0.0692517
0.0696382
0.0696476
0.0694101
0.0687865
0.0682146
0.0684617
0.0690528
0.0693123
0.0697968
0.0698466
0.0697542
0.0690575
0.0684079
0.0685208
0.0688492
0.0688508
0.0691214
0.0694218
0.0695372
0.0691702
0.0689194
0.0687787
0.0690486
0.069237
0.0697446
0.0696488
0.0691777
0.0688081
0.0688753
0.0689695
0.0690887
0.0690175
0.0688758
0.0688794
0.0690222
