5.87474
5.87741
5.88427
5.89709
5.91409
5.93675
5.9649
5.99761
6.03701
6.08031
6.13182
6.18761
6.25162
6.32144
6.39967
6.48482
6.57813
6.68236
6.79355
6.91915
7.05264
7.2021
7.3637
7.54227
7.7376
7.95314
8.19024
8.45292
8.74422
9.06802
9.43141
9.83774
10.2991
10.8231
11.424
12.1217
12.935
13.9024
15.0638
16.4936
18.2919
20.6348
23.8269
28.5007
36.6644
63.1594
143.135
244.843
277.686
277.298
257.359
163.807
72.7238
38.1757
28.4353
23.3334
19.9211
17.442
15.5535
14.0618
12.8525
11.8549
11.011
10.2961
9.67337
9.13582
8.658
8.241
7.8617
7.53137
7.22298
6.9548
6.70139
6.47827
6.26647
6.08001
5.90071
5.74206
5.58893
5.45242
5.32105
5.20351
5.08909
4.98769
4.88676
4.79898
4.71057
4.63288
4.55597
4.48761
4.42013
4.35961
4.29992
4.24615
4.19377
4.14668
4.10173
4.05933
4.01921
3.98312
3.94591
3.91559
3.88317
3.85563
3.82891
3.80499
3.78112
3.76215
3.74091
3.72554
3.70803
3.69518
3.68132
3.67189
3.66028
3.65445
3.64521
3.64202
3.63592
3.63519
3.63186
3.63394
3.63392
3.63805
3.64109
3.64794
3.65318
3.66341
3.67146
3.68548
3.69647
3.71269
3.72719
3.74593
3.76396
3.78647
3.80765
3.83332
3.85809
3.88692
3.91559
3.94868
3.98099
4.01874
4.05553
4.09815
4.13929
4.1873
4.23486
4.28802
4.34258
4.40189
4.46329
4.53049
4.60041
4.67434
4.75498
4.83819
4.92864
5.02524
5.1251
5.23623
5.35044
5.478
5.6103
5.75583
5.90949
6.07764
6.25924
6.45576
6.66858
6.90251
7.15592
7.43634
7.74486
8.0864
8.46882
8.8948
9.37779
9.92446
10.5516
11.2768
12.1253
13.1329
14.3488
15.8483
17.7459
20.2348
23.6567
28.7732
38.5539
73.4225
165.078
258.77
278.493
278.642
245.051
142.476
62.0829
35.5255
27.3589
22.6799
19.4769
17.1194
15.304
13.8591
12.6798
11.6951
10.8635
10.1468
9.52815
8.98195
8.50272
8.07228
7.68925
7.34164
7.02779
6.74079
6.47917
6.23689
6.01602
5.80853
5.61968
5.4408
5.27688
5.12063
4.97712
4.83939
4.71216
4.58966
4.47635
4.36687
4.26653
4.16748
4.07653
3.98727
3.9037
3.82321
3.74741
3.67342
3.60471
3.53689
3.47316
3.41067
3.35245
3.29306
3.24051
3.18484
3.13602
3.08552
3.03934
2.99301
2.94994
2.90602
2.86546
2.82424
2.78627
2.74766
2.71188
2.67533
2.64165
2.60699
2.57611
2.54304
2.51401
2.48304
2.45404
2.42535
2.39695
2.37123
2.34391
2.31948
2.29421
2.26998
2.24725
2.22266
2.20106
2.17765
2.15697
2.13511
2.11458
2.09405
2.07389
2.05479
2.03584
2.01737
1.99879
1.98105
1.96326
1.94585
1.92933
1.91192
1.89712
1.87933
1.86518
1.84898
1.83436
1.82077
1.80543
1.7923
1.77783
1.76441
1.75166
1.7378
1.72543
1.71182
1.69975
1.68643
1.67435
1.6614
1.65017
1.63806
1.62705
1.61627
1.60529
1.59553
1.58409
1.574
1.56291
1.55282
1.54328
1.53256
1.52371
1.51362
1.50438
1.49536
1.48586
1.47693
1.46758
1.45709
1.4493
1.43935
1.43243
1.42327
1.41617
1.40791
1.40015
1.39149
1.38397
1.3751
1.36799
1.36034
1.35269
1.34573
1.33821
1.33089
1.3244
1.31636
1.31048
1.30283
1.29665
1.28962
1.28285
1.27643
1.26977
1.26436
1.25729
1.25182
1.24414
1.23818
1.23074
1.22602
1.21919
1.21409
1.20865
1.20229
1.19734
1.19107
1.18601
1.18039
1.17504
1.16995
1.16459
1.15995
1.15477
1.14945
1.14409
1.13777
1.13369
1.1276
1.12366
1.11919
1.11424
1.10984
1.10416
1.09979
1.09458
1.09057
1.08583
1.08166
1.07667
1.07222
1.06785
1.06305
1.05897
1.05506
1.05052
1.04698
1.04313
1.03969
1.03561
1.03176
1.02653
1.02256
1.01776
1.01393
1.01012
1.00616
1.00201
0.998652
0.995372
0.991843
0.988719
0.984011
0.980376
0.976371
0.972972
0.96989
0.966793
0.963551
0.960433
0.956525
0.953279
0.948919
0.945706
0.941827
0.939437
0.936133
0.932846
0.929256
0.926296
0.923093
0.919714
0.916938
0.913543
0.910252
0.907591
0.903998
0.901635
0.897945
0.895069
0.892364
0.889217
0.886736
0.883384
0.881631
0.878178
0.87606
0.872341
0.87013
0.866733
0.864902
0.862294
0.859562
0.856673
0.85382
0.851451
0.849172
0.84716
0.844445
0.841772
0.83798
0.835394
0.832199
0.830324
0.827797
0.825581
0.823138
0.820848
0.818258
0.816056
0.814277
0.811374
0.809465
0.806189
0.804229
0.802302
0.799841
0.797079
0.794522
0.792042
0.789978
0.788124
0.785917
0.784071
0.7814
0.778863
0.776016
0.774164
0.772282
0.770475
0.76899
0.766231
0.764722
0.762206
0.760083
0.758056
0.75584
0.754456
0.751782
0.750428
0.748607
0.746415
0.744637
0.742561
0.741398
0.739513
0.73816
0.735917
0.734008
0.731879
0.729414
0.727788
0.725409
0.723482
0.721874
0.719393
0.718163
0.716285
0.714718
0.712448
0.71092
0.709325
0.707246
0.705991
0.703788
0.702161
0.699941
0.698837
0.697239
0.696478
0.694211
0.69224
0.690365
0.688494
0.687519
0.685943
0.684888
0.683484
0.68167
0.679105
0.677392
0.675601
0.673993
0.673609
0.671219
0.669976
0.668152
0.666524
0.665505
0.663252
0.662184
0.659996
0.658702
0.657402
0.655487
0.65441
0.652584
0.651512
0.650052
0.64869
0.647492
0.646142
0.644853
0.643401
0.64211
0.640499
0.63892
0.637057
0.635798
0.63412
0.633054
0.631875
0.631036
0.629721
0.628474
0.626931
0.625242
0.623749
0.621971
0.620824
0.618818
0.618003
0.616772
0.615655
0.614686
0.612886
0.612025
0.610336
0.609637
0.607653
0.606849
0.605694
0.604577
0.603138
0.601979
0.60059
0.599663
0.598446
0.59729
0.596373
0.595321
0.594475
0.593218
0.591593
0.589545
0.588191
0.586684
0.58566
0.584875
0.583996
0.583338
0.582335
0.582118
0.581418
0.580382
0.579073
0.577372
0.575992
0.57442
0.572672
0.571396
0.569757
0.568971
0.567544
0.566679
0.565839
0.564459
0.563589
0.561944
0.561142
0.560516
0.559768
0.559261
0.558333
0.55784
0.556186
0.554935
0.554001
0.552369
0.55162
0.549901
0.549236
0.548013
0.547138
0.546285
0.546124
0.545144
0.544696
0.543043
0.542512
0.541289
0.540384
0.538976
0.537962
0.53685
0.53603
0.535407
0.534447
0.533809
0.532738
0.531814
0.530834
0.530527
0.529153
0.52798
0.527176
0.525977
0.525269
0.524168
0.523686
0.522204
0.52136
0.519699
0.519239
0.518338
0.518031
0.518145
0.517325
0.516758
0.515791
0.514658
0.513538
0.512909
0.511643
0.510928
0.509913
0.50886
0.507533
0.50641
0.505372
0.504352
0.503696
0.503434
0.503076
0.502398
0.501401
0.49986
0.49897
0.499125
0.498671
0.498135
0.497108
0.495974
0.495026
0.493412
0.492308
0.492168
0.491853
0.491337
0.490733
0.48969
0.489024
0.48786
0.487179
0.48604
0.485453
0.483999
0.483488
0.482218
0.481472
0.480938
0.480656
0.479966
0.47979
0.478981
0.478904
0.477829
0.477272
0.475665
0.474623
0.473577
0.472839
0.471984
0.471494
0.470307
0.470239
0.469058
0.468668
0.467957
0.467387
0.466335
0.465713
0.465089
0.464701
0.464032
0.463485
0.462871
0.461321
0.460504
0.459041
0.458925
0.458746
0.458593
0.458118
0.457705
0.45625
0.455418
0.454477
0.45418
0.453676
0.453297
0.452543
0.451919
0.450811
0.44994
0.448833
0.448346
0.447866
0.447539
0.446875
0.446868
0.446373
0.445414
0.444937
0.443709
0.443308
0.442283
0.442154
0.441022
0.441041
0.440575
0.440143
0.439595
0.439291
0.438497
0.437689
0.436667
0.436076
0.434772
0.434457
0.434257
0.433791
0.4332
0.432408
0.431569
0.431034
0.430351
0.430188
0.429994
0.430345
0.42944
0.428569
0.427339
0.426885
0.426741
0.426137
0.425585
0.425168
0.424444
0.423206
0.422078
0.421705
0.420997
0.420734
0.419792
0.419192
0.418675
0.418498
0.418726
0.41804
0.417796
0.416822
0.416529
0.415391
0.414862
0.413508
0.413113
0.412348
0.412178
0.411829
0.411598
0.411352
0.411361
0.410933
0.410595
0.409363
0.408195
0.407116
0.406857
0.406053
0.40594
0.40562
0.405804
0.405132
0.404274
0.403401
0.402693
0.402318
0.402058
0.402413
0.401458
0.40162
0.401259
0.401025
0.400099
0.399943
0.398854
0.398367
0.3975
0.397352
0.397207
0.396504
0.396101
0.395181
0.394928
0.394625
0.394065
0.393937
0.393181
0.392605
0.391891
0.391041
0.390057
0.390415
0.390305
0.39033
0.389167
0.388423
0.387385
0.386245
0.385491
0.384801
0.384112
0.383894
0.38398
0.384061
0.383843
0.383411
0.382822
0.382103
0.38108
0.380831
0.380784
0.380735
0.380483
0.3801
0.380099
0.379833
0.379598
0.37878
0.377669
0.376758
0.375941
0.375423
0.374927
0.374433
0.37448
0.374243
0.374089
0.373412
0.372815
0.372642
0.372455
0.372763
0.372304
0.371643
0.370355
0.370177
0.369836
0.369687
0.369245
0.368335
0.368088
0.36774
0.367548
0.367061
0.367053
0.366517
0.366103
0.365953
0.365491
0.365134
0.364347
0.36389
0.362824
0.362381
0.361713
0.36151
0.361046
0.361054
0.360802
0.360814
0.360594
0.360837
0.359898
0.35919
0.358809
0.358559
0.358586
0.357907
0.357394
0.35645
0.356052
0.355815
0.355361
0.355293
0.35511
0.354976
0.354475
0.353714
0.352926
0.352378
0.351991
0.351426
0.351065
0.35095
0.350259
0.350057
0.350352
0.350119
0.349965
0.349538
0.349297
0.348958
0.348834
0.348283
0.347565
0.346681
0.34599
0.345553
0.344996
0.344659
0.344886
0.345303
0.344754
0.344438
0.344113
0.343521
0.343176
0.34274
0.342609
0.342051
0.341592
0.34095
0.340195
0.339572
0.339169
0.339286
0.339286
0.339591
0.339211
0.338852
0.338522
0.337627
0.337287
0.336826
0.336249
0.336517
0.336124
0.335941
0.335077
0.334912
0.334852
0.334743
0.334128
0.333997
0.333241
0.332949
0.332629
0.332201
0.33165
0.331279
0.330605
0.330674
0.330475
0.330184
0.329755
0.329893
0.328706
0.328088
0.328276
0.328515
0.328693
0.328023
0.327577
0.327148
0.326336
0.32613
0.325537
0.325133
0.32463
0.324814
0.325002
0.324444
0.324052
0.323989
0.323339
0.323487
0.323561
0.323418
0.32287
0.322143
0.321382
0.321118
0.32128
0.32112
0.320534
0.320077
0.319426
0.319334
0.318801
0.318604
0.31886
0.31837
0.318171
0.317804
0.317433
0.317297
0.316846
0.316276
0.315328
0.314799
0.314664
0.314912
0.315057
0.314694
0.314546
0.313979
0.313941
0.313789
0.313811
0.313482
0.313253
0.312905
0.312447
0.312168
0.311741
0.311617
0.310852
0.310371
0.30997
0.310211
0.310362
0.30936
0.30878
0.307903
0.307945
0.308008
0.308167
0.307991
0.307754
0.307382
0.306892
0.30724
0.307143
0.307081
0.306118
0.305467
0.305054
0.304735
0.304835
0.304374
0.304137
0.30356
0.303791
0.303668
0.303153
0.30315
0.303099
0.302742
0.301905
0.302098
0.301717
0.301855
0.301352
0.301401
0.300776
0.300194
0.299648
0.299286
0.299155
0.298814
0.298683
0.299007
0.29863
0.298105
0.297942
0.29759
0.297238
0.296286
0.295974
0.29666
0.296714
0.296716
0.295887
0.295537
0.294683
0.294355
0.293619
0.293431
0.293164
0.293177
0.29304
0.293573
0.293555
0.293727
0.293887
0.293402
0.293025
0.292643
0.292575
0.292448
0.292173
0.291673
0.290813
0.290712
0.290469
0.290159
0.290004
0.290002
0.289528
0.289368
0.288671
0.288505
0.28796
0.287946
0.287771
0.287343
0.287258
0.287646
0.287249
0.286936
0.286042
0.285848
0.285909
0.286387
0.286374
0.286101
0.285093
0.284808
0.28422
0.284427
0.284494
0.284066
0.283504
0.283219
0.283473
0.283681
0.283494
0.283005
0.282387
0.281765
0.281402
0.280874
0.280422
0.280228
0.28021
0.280764
0.280709
0.280806
0.280074
0.27987
0.279365
0.279068
0.278594
0.27857
0.278328
0.278124
0.277498
0.277297
0.277088
0.276864
0.276793
0.276845
0.276372
0.27652
0.276401
0.276356
0.275847
0.275711
0.275528
0.275833
0.275703
0.275654
0.274993
0.27428
0.273569
0.273274
0.273292
0.273698
0.273659
0.273852
0.273338
0.27314
0.272667
0.272416
0.272208
0.272159
0.271843
0.271149
0.270621
0.270046
0.269677
0.269735
0.269688
0.269983
0.270171
0.270404
0.2705
0.269666
0.269243
0.26855
0.268055
0.268236
0.268092
0.268135
0.267959
0.26798
0.267234
0.267137
0.26659
0.266435
0.266364
0.266418
0.26637
0.265867
0.265654
0.26545
0.265504
0.265343
0.265241
0.264873
0.264744
0.264767
0.264704
0.264688
0.264235
0.264384
0.263931
0.263973
0.263339
0.263195
0.263124
0.263226
0.263319
0.263233
0.262964
0.262547
0.262342
0.261615
0.261235
0.261347
0.261522
0.261967
0.261914
0.261665
0.261269
0.261
0.26092
0.2608
0.2608
0.260043
0.259374
0.25838
0.257791
0.257876
0.257652
0.257903
0.257966
0.257695
0.257934
0.257785
0.257788
0.257253
0.256928
0.256363
0.256028
0.256226
0.255895
0.255883
0.255197
0.255196
0.254879
0.255148
0.255068
0.25501
0.254092
0.253914
0.254149
0.254204
0.254046
0.253749
0.253369
0.252803
0.252654
0.252999
0.253419
0.253552
0.253005
0.252493
0.251368
0.250644
0.250336
0.250264
0.250232
0.250576
0.250632
0.250744
0.250468
0.250212
0.249948
0.249886
0.249644
0.249487
0.249509
0.249102
0.249143
0.249106
0.249292
0.249605
0.248833
0.248143
0.248228
0.248078
0.247718
0.247633
0.247162
0.24705
0.247473
0.247591
0.247839
0.247491
0.247047
0.24634
0.246073
0.246328
0.245748
0.245701
0.245139
0.245262
0.245561
0.245388
0.245399
0.244417
0.243572
0.243116
0.243063
0.243539
0.24358
0.243652
0.243181
0.243038
0.242982
0.243261
0.243535
0.24355
0.243168
0.242358
0.241499
0.241049
0.241296
0.241933
0.242198
0.24229
0.241786
0.241594
0.24064
0.240474
0.239816
0.239547
0.239227
0.239413
0.239214
0.239055
0.238911
0.238893
0.239027
0.239202
0.239537
0.239795
0.239814
0.239826
0.239795
0.239825
0.239253
0.239007
0.2385
0.238098
0.237895
0.237617
0.23718
0.236814
0.23683
0.236929
0.236876
0.236803
0.236674
0.236263
0.236001
0.236255
0.236462
0.236639
0.236461
0.235628
0.23521
0.234362
0.234208
0.234491
0.234744
0.235003
0.235233
0.235422
0.235278
0.235112
0.234575
0.234571
0.234161
0.233931
0.233043
0.232772
0.23217
0.232591
0.232849
0.232827
0.231856
0.231535
0.231209
0.231313
0.231249
0.231185
0.2309
0.231035
0.231057
0.23138
0.231382
0.231244
0.230665
0.230412
0.229378
0.229081
0.228869
0.229185
0.229071
0.229292
0.229456
0.229283
0.229174
0.229192
0.229151
0.228821
0.228321
0.227786
0.227869
0.227747
0.227068
0.226759
0.22639
0.226336
0.226391
0.226537
0.227201
0.227131
0.22692
0.225813
0.225315
0.224882
0.22504
0.225593
0.226035
0.226021
0.225985
0.225541
0.225281
0.225095
0.225203
0.225507
0.22525
0.224807
0.224202
0.224057
0.22394
0.224619
0.225293
0.225221
0.224849
0.223934
0.223076
0.22285
0.222313
0.222247
0.222385
0.223033
0.223111
0.223373
0.222791
0.222665
0.222463
0.222387
0.221771
0.221345
0.220887
0.221125
0.221293
0.221454
0.221418
0.221956
0.221837
0.222038
0.222079
0.22224
0.22195
0.221383
0.220806
0.219884
0.219609
0.22
0.220239
0.22008
0.220048
0.219752
0.219616
0.21913
0.21859
0.218761
0.218751
0.219002
0.218898
0.218531
0.21781
0.217148
0.216551
0.216331
0.216438
0.216853
0.21694
0.217033
0.216819
0.21691
0.216849
0.217029
0.216996
0.21729
0.217705
0.21739
0.216768
0.216074
0.21595
0.215788
0.215286
0.214837
0.214638
0.214882
0.215082
0.215266
0.21535
0.215268
0.215204
0.215265
0.215081
0.214819
0.213925
0.213167
0.212483
0.212937
0.213389
0.213657
0.213464
0.21323
0.213471
0.213573
0.213678
0.213416
0.213341
0.213077
0.213171
0.213109
0.2129
0.213457
0.213331
0.213129
0.212888
0.2127
0.212062
0.211755
0.211477
0.211569
0.211503
0.211531
0.210929
0.210825
0.210773
0.210501
0.210093
0.209977
0.209857
0.209744
0.210094
0.209984
0.209998
0.209427
0.209136
0.208768
0.208688
0.20872
0.208952
0.208957
0.20891
0.208795
0.208574
0.208339
0.208524
0.208467
0.208114
0.208329
0.208492
0.208652
0.20831
0.208435
0.207768
0.207428
0.207423
0.207185
0.207363
0.207793
0.207897
0.20801
0.207712
0.207216
0.206658
0.206292
0.206526
0.20703
0.207063
0.207025
0.206875
0.206957
0.206544
0.205751
0.205057
0.205243
0.205102
0.205212
0.20528
0.204719
0.204012
0.204173
0.204563
0.204978
0.204599
0.20408
0.203965
0.203867
0.203687
0.203638
0.203927
0.204587
0.205052
0.205337
0.204931
0.204504
0.20367
0.203331
0.203382
0.203478
0.203497
0.203351
0.203253
0.202273
0.201893
0.201837
0.202334
0.202628
0.202512
0.202034
0.201741
0.20129
0.201173
0.201153
0.201088
0.201203
0.201594
0.201876
0.201624
0.201409
0.200761
0.200117
0.200212
0.20053
0.200585
0.200478
0.200327
0.200305
0.199558
0.198913
0.198428
0.199011
0.199507
0.199791
0.199988
0.199877
0.199812
0.199385
0.198989
0.19864
0.19824
0.197792
0.197353
0.197168
0.197452
0.197725
0.19779
0.19741
0.19745
0.198022
0.19787
0.198027
0.198072
0.198321
0.198546
0.198166
0.197463
0.196654
0.195902
0.195256
0.195735
0.196304
0.196821
0.196802
0.19681
0.196339
0.195688
0.195686
0.195634
0.195609
0.195382
0.195303
0.194968
0.194959
0.195001
0.195123
0.194648
0.194719
0.194453
0.194608
0.194614
0.194657
0.194168
0.194056
0.19454
0.194667
0.194579
0.194247
0.194503
0.194932
0.195302
0.195148
0.194571
0.193638
0.193251
0.193113
0.193263
0.193246
0.193473
0.193469
0.193597
0.193264
0.193018
0.192355
0.191901
0.191688
0.191827
0.192082
0.192307
0.19211
0.191996
0.191801
0.191934
0.192052
0.191876
0.191641
0.191259
0.19058
0.1903
0.190332
0.190372
0.190814
0.191393
0.191998
0.191844
0.191579
0.19077
0.190428
0.190767
0.191033
0.19103
0.190588
0.1902
0.190037
0.189627
0.189352
0.189316
0.189494
0.189834
0.190334
0.190628
0.19069
0.19018
0.189368
0.188387
0.188314
0.188141
0.188191
0.187779
0.187682
0.187129
0.186977
0.186778
0.1869
0.187787
0.18838
0.188651
0.188445
0.188301
0.187658
0.187634
0.187615
0.187394
0.187276
0.187628
0.188099
0.188608
0.188434
0.1883
0.187615
0.187289
0.186873
0.18688
0.186626
0.186455
0.186361
0.186627
0.186757
0.186778
0.186706
0.186318
0.186202
0.185907
0.185807
0.185347
0.185577
0.185694
0.18584
0.185497
0.185354
0.184608
0.184742
0.184861
0.184601
0.184049
0.183903
0.183935
0.184059
0.184408
0.184565
0.18452
0.18452
0.184648
0.184789
0.184921
0.184733
0.184518
0.183753
0.183402
0.183576
0.183938
0.183907
0.183731
0.183354
0.183156
0.183532
0.183335
0.183258
0.182896
0.182895
0.182513
0.18274
0.183013
0.183101
0.182865
0.182228
0.18186
0.181908
0.181984
0.18229
0.182905
0.182923
0.182551
0.182235
0.181859
0.181735
0.181541
0.181525
0.181153
0.181543
0.181588
0.181812
0.181603
0.181201
0.180795
0.180537
0.180401
0.180764
0.180968
0.181173
0.181074
0.180871
0.180621
0.180529
0.180545
0.180799
0.180794
0.180796
0.180593
0.180207
0.179886
0.179695
0.17989
0.179868
0.179766
0.179273
0.178949
0.178877
0.179092
0.179415
0.179132
0.179143
0.179366
0.179454
0.179565
0.179182
0.179013
0.179242
0.179083
0.17886
0.178453
0.178075
0.177865
0.177956
0.177989
0.178097
0.177781
0.177445
0.17716
0.177009
0.176573
0.176771
0.177181
0.177594
0.177575
0.177227
0.176695
0.17691
0.177484
0.177687
0.177482
0.177524
0.177569
0.177634
0.177191
0.176888
0.176771
0.17649
0.176302
0.176439
0.176232
0.176208
0.175865
0.175539
0.175687
0.175814
0.176043
0.175947
0.175996
0.175827
0.175673
0.176022
0.176088
0.176008
0.175568
0.175619
0.175234
0.175097
0.17478
0.174584
0.17449
0.174784
0.174791
0.174818
0.174714
0.174438
0.17421
0.174253
0.174214
0.174235
0.174254
0.173962
0.173701
0.173654
0.173572
0.173308
0.173644
0.174021
0.17424
0.174103
0.173876
0.173378
0.173181
0.173194
0.173244
0.173512
0.17359
0.173494
0.173459
0.173105
0.172914
0.172858
0.172502
0.172259
0.172003
0.171821
0.172086
0.172091
0.17221
0.172093
0.172086
0.171644
0.171521
0.172089
0.172174
0.172263
0.172014
0.171944
0.171877
0.1721
0.172058
0.17182
0.170892
0.170857
0.171052
0.170995
0.171316
0.171254
0.170728
0.170365
0.169981
0.17
0.170776
0.171506
0.171648
0.171612
0.170775
0.170447
0.170264
0.170074
0.169828
0.169571
0.169773
0.169918
0.170001
0.169629
0.169382
0.169981
0.170446
0.170592
0.170609
0.170647
0.170666
0.170583
0.170226
0.16963
0.169586
0.169962
0.169629
0.169343
0.168925
0.168701
0.168285
0.168877
0.169475
0.169489
0.16891
0.168343
0.168742
0.168783
0.168623
0.168316
0.168578
0.168836
0.168821
0.168504
0.168581
0.168705
0.168652
0.167999
0.167525
0.167447
0.167547
0.167398
0.167555
0.167832
0.168236
0.168066
0.167914
0.167414
0.167244
0.167167
0.167479
0.16763
0.167886
0.167805
0.167728
0.167627
0.167295
0.166357
0.165584
0.165453
0.165964
0.166331
0.166565
0.166219
0.165533
0.165015
0.165122
0.165035
0.16539
0.16579
0.165802
0.165862
0.165688
0.166396
0.166552
0.166566
0.166438
0.166202
0.165753
0.165815
0.165703
0.165606
0.165228
0.16531
0.165286
0.165745
0.165965
0.165853
0.165049
0.164752
0.164272
0.164358
0.164632
0.164496
0.16408
0.164005
0.164109
0.164756
0.164926
0.165211
0.16498
0.164786
0.164619
0.164938
0.164949
0.165072
0.164842
0.164805
0.164627
0.164909
0.164707
0.164296
0.163302
0.163349
0.162925
0.162314
0.162459
0.162702
0.162863
0.162745
0.162941
0.16319
0.163284
0.163293
0.163357
0.163179
0.162579
0.162202
0.161765
0.161486
0.161803
0.162291
0.162102
0.16189
0.161737
0.162115
0.162159
0.162207
0.162179
0.161902
0.161772
0.161471
0.16143
0.161503
0.161483
0.161213
0.161182
0.161424
0.161825
0.162082
0.162296
0.162854
0.162694
0.162417
0.16178
0.161234
0.160621
0.16083
0.161306
0.161598
0.161508
0.160983
0.160632
0.160401
0.160272
0.160366
0.160543
0.16062
0.160797
0.161079
0.161019
0.160852
0.160698
0.160235
0.159687
0.159573
0.15974
0.159901
0.160035
0.159938
0.160271
0.16015
0.15989
0.159422
0.15929
0.159481
0.159171
0.159031
0.158874
0.159424
0.16036
0.160653
0.16044
0.15986
0.159779
0.159935
0.159543
0.159038
0.158759
0.158763
0.15851
0.158375
0.158379
0.158592
0.158689
0.158764
0.158734
0.158985
0.159235
0.159443
0.159516
0.159157
0.158913
0.158863
0.158848
0.158971
0.158848
0.158297
0.158317
0.157938
0.157639
0.157635
0.158027
0.158226
0.158492
0.158824
0.158574
0.157893
0.157267
0.156447
0.156026
0.155753
0.155857
0.156088
0.15659
0.157052
0.15717
0.157229
0.157385
0.1577
0.157495
0.157417
0.157157
0.15726
0.157078
0.15674
0.156674
0.156797
0.156384
0.156393
0.156853
0.157116
0.1574
0.157239
0.157023
0.156623
0.155965
0.155433
0.155012
0.154856
0.155062
0.155698
0.155907
0.156057
0.155972
0.155846
0.155701
0.155421
0.155667
0.156332
0.156436
0.156615
0.156289
0.155821
0.155206
0.155099
0.155131
0.155556
0.155764
0.15523
0.154673
0.154105
0.154378
0.154505
0.154752
0.154962
0.15485
0.154851
0.155179
0.15543
0.15491
0.154781
0.154696
0.154922
0.155014
0.154887
0.154427
0.154776
0.154567
0.154174
0.153592
0.153594
0.153487
0.153619
0.153883
0.154123
0.154374
0.154466
0.154309
0.154142
0.153763
0.153288
0.152938
0.152598
0.152771
0.153488
0.153933
0.154225
0.153977
0.153826
0.153443
0.153558
0.153675
0.153809
0.154042
0.154106
0.154565
0.154818
0.154492
0.153773
0.153007
0.152937
0.152984
0.152803
0.152329
0.152132
0.152008
0.151871
0.151937
0.152005
0.152015
0.152046
0.151889
0.15219
0.152555
0.152605
0.152301
0.152195
0.152049
0.152657
0.15311
0.153203
0.152581
0.151724
0.150899
0.150742
0.151163
0.151247
0.151416
0.151845
0.152126
0.152205
0.152308
0.152782
0.153142
0.152679
0.15222
0.151974
0.151636
0.151415
0.150964
0.150535
0.150474
0.150468
0.150858
0.15151
0.152064
0.152095
0.151558
0.151083
0.150809
0.150921
0.151311
0.151186
0.150877
0.150448
0.15051
0.150386
0.150456
0.150403
0.150148
0.149659
0.149988
0.15078
0.151054
0.151166
0.151595
0.151157
0.150438
0.149897
0.149764
0.14956
0.14923
0.149188
0.14907
0.149135
0.149785
0.150239
0.150261
0.149978
0.150137
0.149731
0.149153
0.148734
0.149294
0.149864
0.149789
0.1493
0.148784
0.148699
0.148885
0.149278
0.149707
0.149799
0.149587
0.149195
0.148933
0.148795
0.148714
0.14902
0.149334
0.149333
0.148705
0.148754
0.149211
0.1494
0.149639
0.149658
0.1493
0.148808
0.148743
0.148457
0.148238
0.148411
0.148635
0.148467
0.148303
0.148156
0.148294
0.148151
0.148046
0.148014
0.147958
0.147984
0.147941
0.14813
0.148071
0.147824
0.147588
0.147732
0.147843
0.147733
0.147302
0.14726
0.147148
0.147225
0.147108
0.147169
0.147103
0.147139
0.147557
0.147406
0.147039
0.146921
0.147107
0.147269
0.1473
0.147313
0.147151
0.147219
0.147119
0.147313
0.147018
0.147001
0.14709
0.147479
0.147726
0.147774
0.147174
0.146703
0.145951
0.145578
0.145538
0.145873
0.145945
0.146021
0.146296
0.146734
0.147037
0.147039
0.146851
0.146518
0.146576
0.147156
0.147223
0.147047
0.146644
0.146402
0.146078
0.145633
0.145371
0.145651
0.145607
0.145549
0.145787
0.145978
0.146138
0.146027
0.145913
0.145726
0.145452
0.145165
0.145193
0.145294
0.145297
0.145278
0.144918
0.145057
0.144977
0.144915
0.144881
0.144822
0.144849
0.144713
0.144486
0.144175
0.144123
0.144303
0.144538
0.144545
0.144387
0.144317
0.144053
0.143893
0.143865
0.143827
0.143974
0.144234
0.144479
0.144811
0.144457
0.144003
0.144136
0.144358
0.144098
0.143771
0.143948
0.144105
0.14372
0.143468
0.143223
0.143192
0.14316
0.143694
0.143967
0.144106
0.144234
0.144139
0.143861
0.143552
0.14351
0.143633
0.143619
0.14379
0.143466
0.143029
0.143349
0.143635
0.143635
0.14322
0.142938
0.14303
0.142857
0.142921
0.143249
0.143375
0.143195
0.143221
0.143137
0.143121
0.142722
0.142619
0.142379
0.142186
0.142297
0.142754
0.143176
0.143417
0.143751
0.143953
0.14369
0.143324
0.142681
0.14205
0.142364
0.142422
0.142294
0.142416
0.14251
0.142412
0.142538
0.142586
0.142314
0.141858
0.14174
0.141771
0.14187
0.14187
0.141443
0.141126
0.141256
0.141855
0.142084
0.141982
0.141684
0.142254
0.142731
0.142705
0.142403
0.142021
0.141635
0.141557
0.14138
0.140901
0.140813
0.141226
0.141424
0.141605
0.141843
0.141758
0.141751
0.142163
0.142275
0.141958
0.14166
0.141488
0.141398
0.141191
0.140949
0.140833
0.140721
0.140798
0.140769
0.141393
0.141695
0.141678
0.141371
0.14086
0.140407
0.140239
0.140689
0.141028
0.141397
0.141492
0.141206
0.140614
0.140612
0.140329
0.140477
0.140804
0.141138
0.141315
0.141396
0.141135
0.140811
0.140601
0.140743
0.140806
0.141141
0.141182
0.140983
0.140407
0.139883
0.140136
0.140131
0.140147
0.140075
0.139837
0.139565
0.139357
0.139418
0.139542
0.140048
0.14049
0.140693
0.14077
0.140921
0.140863
0.140756
0.140669
0.140598
0.140479
0.139976
0.139917
0.140311
0.140525
0.140121
0.139507
0.13931
0.139067
0.138948
0.138931
0.138836
0.139091
0.138776
0.138553
0.138304
0.138495
0.138806
0.138682
0.138657
0.138342
0.138128
0.137996
0.138316
0.138576
0.138679
0.138672
0.138872
0.139083
0.139021
0.139086
0.138992
0.138742
0.138186
0.137868
0.138247
0.138663
0.138975
0.139401
0.139403
0.13934
0.139255
0.139099
0.138731
0.138722
0.138659
0.1387
0.13859
0.138521
0.137988
0.137679
0.137524
0.137995
0.138175
0.138202
0.137975
0.137946
0.137804
0.137924
0.137784
0.137842
0.138076
0.138206
0.138199
0.137979
0.137894
0.137946
0.138175
0.138536
0.138451
0.138187
0.138087
0.137559
0.137563
0.137616
0.137738
0.137627
0.13789
0.137794
0.137761
0.137955
0.138394
0.138326
0.138186
0.137969
0.137815
0.137863
0.138168
0.138065
0.137549
0.137499
0.137931
0.138179
0.137984
0.137796
0.137473
0.137134
0.136922
0.136513
0.136153
0.135806
0.13636
0.13684
0.136819
0.136416
0.135691
0.135289
0.135138
0.135463
0.135606
0.135908
0.136364
0.136608
0.136613
0.136377
0.135979
0.135915
0.136084
0.13619
0.136291
0.136307
0.136228
0.136655
0.136871
0.136708
0.13673
0.136903
0.136811
0.136866
0.136968
0.136958
0.136579
0.136301
0.135984
0.135942
0.136141
0.136721
0.137389
0.137199
0.136358
0.135694
0.135725
0.136028
0.135739
0.135719
0.13577
0.135814
0.13572
0.135811
0.135899
0.136009
0.135841
0.135768
0.135418
0.135279
0.135395
0.135499
0.135653
0.135696
0.135997
0.135934
0.13561
0.135084
0.13486
0.134754
0.135102
0.135451
0.135426
0.135231
0.135004
0.134947
0.134895
0.135275
0.13562
0.135963
0.13629
0.136477
0.136261
0.136008
0.135257
0.134945
0.13525
0.135462
0.13522
0.134667
0.134575
0.134623
0.134504
0.133925
0.133616
0.133981
0.134095
0.134726
0.135442
0.135489
0.135269
0.134946
0.134283
0.134335
0.134663
0.134581
0.134443
0.134231
0.133764
0.133483
0.133363
0.13342
0.133607
0.134356
0.135013
0.13549
0.135604
0.135481
0.134842
0.134525
0.134561
0.134596
0.134318
0.134169
0.134257
0.134626
0.13505
0.135397
0.13545
0.13503
0.134702
0.134588
0.134054
0.133803
0.13353
0.133335
0.133194
0.133322
0.133404
0.133477
0.133284
0.133225
0.133305
0.133428
0.13356
0.133566
0.133687
0.133767
0.133821
0.13387
0.133881
0.133668
0.133566
0.133519
0.133239
0.133575
0.133717
0.133885
0.134142
0.134181
0.133717
0.133557
0.133536
0.133571
0.133479
0.133686
0.133905
0.134344
0.134445
0.133963
0.133143
0.132613
0.133357
0.133756
0.133721
0.133365
0.132891
0.133024
0.132985
0.133188
0.133325
0.133247
0.132663
0.132378
0.132284
0.131779
0.131906
0.132104
0.132104
0.131891
0.131794
0.13184
0.132162
0.132548
0.132457
0.132639
0.132678
0.132483
0.132081
0.131912
0.132006
0.132324
0.132628
0.133075
0.133347
0.133086
0.13268
0.13217
0.132301
0.132473
0.132177
0.132158
0.132454
0.132887
0.132937
0.132696
0.132421
0.132238
0.132231
0.131826
0.131427
0.131198
0.131725
0.132233
0.13212
0.132011
0.131754
0.132035
0.132564
0.133045
0.132954
0.132694
0.132393
0.13203
0.131662
0.131734
0.131757
0.131568
0.131303
0.131124
0.130916
0.13089
0.131388
0.132154
0.132296
0.131924
0.131385
0.130898
0.130946
0.13098
0.130939
0.131144
0.131458
0.131857
0.132199
0.132315
0.132191
0.132076
0.131894
0.131689
0.13207
0.132324
0.132287
0.131898
0.131675
0.131384
0.131542
0.131795
0.131978
0.131551
0.131078
0.130511
0.130568
0.130531
0.130265
0.130219
0.130386
0.130459
0.130634
0.130876
0.131137
0.131411
0.131466
0.131687
0.131592
0.13114
0.130941
0.13067
0.130728
0.130529
0.130063
0.130056
0.130535
0.130617
0.130814
0.130874
0.130929
0.130919
0.131071
0.131085
0.13111
0.131217
0.131148
0.131009
0.131035
0.131163
0.131547
0.131903
0.132024
0.131815
0.131574
0.131243
0.131079
0.130877
0.130708
0.13069
0.130485
0.129773
0.129657
0.130006
0.13033
0.130814
0.130895
0.13022
0.129832
0.130088
0.130354
0.130403
0.13043
0.130286
0.130196
0.130079
0.130055
0.130125
0.130428
0.130401
0.130151
0.129733
0.129921
0.129777
0.130044
0.130342
0.130418
0.130254
0.130212
0.129908
0.129597
0.129062
0.129058
0.129614
0.130307
0.130592
0.130493
0.130313
0.130247
0.130027
0.129879
0.129911
0.129941
0.129714
0.129519
0.129234
0.129082
0.129003
0.128903
0.128733
0.128544
0.129185
0.129475
0.129334
0.129429
0.129435
0.129762
0.130197
0.130273
0.129812
0.128948
0.129078
0.129507
0.129789
0.129694
0.12975
0.129689
0.129672
0.129675
0.129484
0.129699
0.129758
0.129819
0.129612
0.129655
0.129542
0.129461
0.129242
0.128828
0.129249
0.129646
0.129658
0.129375
0.129382
0.129738
0.130036
0.13011
0.129829
0.12932
0.129369
0.129643
0.129717
0.129582
0.129343
0.129255
0.129124
0.129106
0.129418
0.129585
0.129316
0.128521
0.128599
0.12891
0.129204
0.129101
0.129111
0.129156
0.128947
0.128641
0.128669
0.128352
0.12808
0.128299
0.128358
0.128338
0.128148
0.127884
0.12743
0.127658
0.127989
0.128442
0.129022
0.129127
0.128885
0.128538
0.128342
0.128314
0.128026
0.128092
0.128339
0.128506
0.128671
0.128329
0.127947
0.127669
0.127557
0.127498
0.127463
0.127575
0.127471
0.127182
0.126971
0.126903
0.127466
0.128002
0.128118
0.128276
0.128117
0.128239
0.128286
0.128362
0.128222
0.127835
0.12796
0.127865
0.127876
0.128201
0.128287
0.128582
0.128867
0.128572
0.128297
0.12809
0.127904
0.128173
0.128479
0.12842
0.128338
0.128004
0.127641
0.127376
0.127292
0.127505
0.127796
0.128311
0.128563
0.128803
0.12866
0.128503
0.128271
0.128032
0.127871
0.127884
0.127825
0.127815
0.127822
0.12782
0.127744
0.127891
0.127908
0.127856
0.127691
0.127543
0.127448
0.127499
0.127466
0.127337
0.127406
0.127554
0.127411
0.127119
0.126972
0.126715
0.126746
0.126978
0.127383
0.12753
0.127609
0.127383
0.12746
0.127317
0.127371
0.127357
0.12744
0.127063
0.127325
0.127608
0.127652
0.127384
0.126794
0.125861
0.126558
0.127279
0.12748
0.127749
0.128188
0.128119
0.127661
0.12676
0.126129
0.125986
0.126009
0.126368
0.126598
0.126502
0.12637
0.126293
0.126359
0.126162
0.126489
0.126664
0.126691
0.126668
0.126465
0.126521
0.12667
0.126912
0.12672
0.126641
0.127025
0.1275
0.12768
0.127628
0.127523
0.127218
0.126948
0.126924
0.126609
0.126187
0.126026
0.125944
0.12595
0.125892
0.126115
0.125966
0.126041
0.126078
0.126526
0.126546
0.126489
0.126623
0.12683
0.126399
0.126111
0.126014
0.126341
0.126938
0.12707
0.127157
0.126823
0.126639
0.126649
0.126428
0.12607
0.126302
0.126217
0.126059
0.126093
0.126126
0.126179
0.126051
0.126193
0.126052
0.126141
0.125973
0.126346
0.126446
0.126274
0.125971
0.125839
0.1259
0.125994
0.126048
0.125906
0.12593
0.126599
0.126967
0.126698
0.126055
0.125922
0.12569
0.125617
0.125694
0.125765
0.125607
0.125578
0.125553
0.125778
0.125797
0.125767
0.12556
0.12515
0.124727
0.124458
0.124553
0.124545
0.124539
0.124838
0.125007
0.125034
0.124952
0.124855
0.124957
0.125075
0.125296
0.125635
0.125911
0.126061
0.126061
0.125719
0.125236
0.125017
0.125149
0.125469
0.125904
0.126096
0.126013
0.125723
0.125704
0.125919
0.125798
0.126275
0.126434
0.126319
0.126097
0.126031
0.125553
0.125573
0.125684
0.125714
0.125571
0.125423
0.125412
0.125441
0.125543
0.125403
0.125166
0.125565
0.125487
0.125265
0.125033
0.124999
0.125072
0.124959
0.124932
0.125094
0.124944
0.12471
0.124737
0.124755
0.124377
0.124427
0.124772
0.125098
0.12523
0.125624
0.125709
0.125665
0.125249
0.125008
0.124991
0.124832
0.125081
0.125167
0.124664
0.124279
0.125086
0.125782
0.125894
0.12572
0.12535
0.12469
0.124541
0.124425
0.124323
0.124386
0.12442
0.124437
0.124498
0.125019
0.125666
0.126024
0.125838
0.125751
0.125345
0.125083
0.124821
0.125029
0.125208
0.125252
0.125014
0.124728
0.125053
0.124953
0.124821
0.124618
0.124621
0.124492
0.124274
0.124431
0.124655
0.124555
0.124069
0.12414
0.124371
0.124871
0.125088
0.125284
0.125163
0.1249
0.124701
0.125016
0.12506
0.124868
0.124701
0.124636
0.12431
0.124201
0.124527
0.124671
0.124786
0.124718
0.124472
0.123833
0.124376
0.125035
0.124981
0.125024
0.125187
0.125202
0.124813
0.124653
0.124539
0.124298
0.124184
0.124279
0.124234
0.123905
0.123732
0.123867
0.124039
0.124156
0.124273
0.124284
0.124311
0.124541
0.124471
0.124237
0.124135
0.123972
0.123894
0.123941
0.123752
0.123783
0.123939
0.124398
0.124765
0.12501
0.125139
0.124858
0.124651
0.125146
0.12564
0.125397
0.125096
0.124687
0.12465
0.124951
0.125501
0.125478
0.125204
0.124593
0.12419
0.12411
0.124207
0.124067
0.123795
0.123955
0.124042
0.124214
0.12432
0.12426
0.123865
0.123609
0.123595
0.123799
0.123881
0.124099
0.124158
0.124339
0.124457
0.124427
0.124206
0.124322
0.124539
0.124394
0.124204
0.124316
0.124431
0.124971
0.125321
0.125294
0.124872
0.124716
0.124803
0.124983
0.124794
0.124525
0.124434
0.12406
0.123976
0.12399
0.123797
0.123736
0.123801
0.124002
0.124114
0.124049
0.124154
0.124146
0.123954
0.123668
0.123908
0.124079
0.124396
0.124408
0.12412
0.123723
0.123531
0.123382
0.123345
0.123762
0.124375
0.12449
0.12426
0.124545
0.124366
0.124205
0.124252
0.124452
0.124244
0.12384
0.1234
0.123619
0.123601
0.123676
0.123874
0.124341
0.124498
0.124183
0.123708
0.123319
0.123176
0.123465
0.123269
0.123181
0.12321
0.123612
0.12384
0.123696
0.123567
0.123724
0.123553
0.123503
0.123631
0.123659
0.123724
0.123662
0.123344
0.123343
0.123194
0.123367
0.123915
0.124051
0.124054
0.123705
0.123341
0.122971
0.123047
0.122903
0.123004
0.1234
0.123627
0.123846
0.124004
0.124375
0.124665
0.124247
0.12362
0.124008
0.124609
0.125033
0.12512
0.124854
0.124062
0.123963
0.124611
0.125003
0.125005
0.124579
0.12384
0.123249
0.123021
0.123579
0.12401
0.124155
0.124113
0.124007
0.123482
0.123305
0.123119
0.122898
0.123063
0.123051
0.1228
0.122776
0.122949
0.123156
0.123615
0.124089
0.124113
0.123758
0.123404
0.123435
0.123232
0.123357
0.123848
0.124222
0.124006
0.123624
0.12322
0.123447
0.12364
0.123903
0.123653
0.123482
0.123432
0.123162
0.122891
0.123235
0.12353
0.123849
0.123899
0.123738
0.123558
0.123416
0.123221
0.123333
0.123361
0.123588
0.123697
0.123621
0.123493
0.123195
0.123067
0.122942
0.122901
0.123331
0.12419
0.124732
0.124626
0.124161
0.123606
0.124051
0.124194
0.123851
0.123593
0.123251
0.123725
0.123774
0.124001
0.124284
0.124123
0.123925
0.123475
0.12281
0.122011
0.122408
0.122805
0.122681
0.122776
0.122898
0.122611
0.122562
0.122764
0.123126
0.123275
0.12356
0.123812
0.124061
0.124221
0.124322
0.124274
0.123904
0.123154
0.122491
0.122585
0.122529
0.122767
0.12275
0.122985
0.123486
0.12406
0.124757
0.125196
0.125011
0.124255
0.123375
0.123067
0.123231
0.123324
0.123361
0.123337
0.123322
0.123567
0.12359
0.123471
0.122894
0.122652
0.122425
0.122278
0.122434
0.122709
0.122966
0.123051
0.123156
0.123033
0.122759
0.122758
0.123166
0.123242
0.123151
0.123341
0.123753
0.123873
0.123646
0.12337
0.123541
0.123949
0.124229
0.124035
0.123667
0.122705
0.122405
0.122536
0.122703
0.123141
0.123539
0.123625
0.12345
0.123318
0.123194
0.123318
0.123611
0.123618
0.123775
0.123659
0.123308
0.12265
0.122676
0.122902
0.123191
0.123361
0.123459
0.123494
0.123057
0.122837
0.122741
0.123064
0.123013
0.123074
0.123304
0.123117
0.122623
0.122653
0.122902
0.123467
0.123936
0.1239
0.123556
0.123816
0.123932
0.123709
0.123069
0.122938
0.122816
0.12274
0.122408
0.122355
0.12242
0.12256
0.122499
0.122835
0.123219
0.123247
0.123212
0.12303
0.123093
0.123117
0.123559
0.123592
0.123667
0.123909
0.123858
0.123316
0.122558
0.121926
0.122237
0.122907
0.123562
0.124077
0.123982
0.123801
0.123258
0.122491
0.12262
0.122879
0.123332
0.12386
0.124392
0.124418
0.123999
0.123615
0.123449
0.123724
0.123978
0.124553
0.124762
0.124595
0.124418
0.12422
0.124078
0.123638
0.123106
0.123045
0.123783
0.124323
