0
-0.097293
0.183264
-0.208106
0.163488
-0.0643635
-0.0562151
0.158086
-0.20719
0.187201
-0.10474
-0.0126652
0.125797
-0.197028
0.20249
-0.140416
0.0314951
0.0879543
-0.178045
0.208747
-0.169805
0.0741905
0.046083
-0.151067
0.205603
-0.191595
0.11362
0.00222785
-0.117344
0.193304
-0.20481
0.147984
-0.0417493
-0.0783715
0.172338
-0.208838
0.175634
-0.0838649
-0.0358898
0.143681
-0.203528
0.195502
-0.122257
0.00820948
0.108585
-0.189154
0.20658
-0.155126
0.051912
0.0686056
-0.166265
0.208411
-0.181097
0.0933256
0.0255745
-0.135929
0.200934
-0.198889
0.130558
-0.0186163
-0.0995209
0.184454
-0.207862
0.161931
-0.0619221
-0.0586566
0.159734
-0.207495
0.186041
-0.102542
-0.0152287
0.127873
-0.197851
0.20188
-0.138524
0.0289621
0.0902127
-0.179357
0.208625
-0.16831
0.0718101
0.048616
-0.152837
0.206061
-0.190527
0.111454
0.00476089
-0.119449
0.19425
-0.20426
0.146123
-0.0392468
-0.080752
0.173772
-0.208869
0.17423
-0.0815149
-0.0384228
0.145512
-0.204077
0.194586
-0.120121
0.00561541
0.110782
-0.190191
0.206183
-0.153386
0.04944
0.0710166
-0.167791
0.208563
-0.179785
0.0910062
0.0281381
-0.137852
0.201636
-0.198126
0.128513
-0.0160527
-0.101779
0.185675
-0.207587
0.160283
-0.0595111
-0.0611286
0.161351
-0.20777
0.184851
-0.100284
-0.0177313
0.129856
-0.198645
0.201178
-0.13657
0.026429
0.0925626
-0.180639
0.208472
-0.166784
0.0694296
0.051088
-0.154546
0.206458
-0.189489
0.109287
0.00732444
-0.121555
0.195196
-0.203711
0.144292
-0.0367443
-0.0830714
0.175207
-0.208838
0.172826
-0.079165
-0.0409253
0.147343
-0.204627
0.19364
-0.118046
0.00305185
0.112918
-0.191229
0.205786
-0.151646
0.0469375
0.0734275
-0.169286
0.208686
-0.178472
0.0887173
0.0306711
-0.139775
0.202307
-0.197302
0.126499
-0.0135502
-0.104007
0.186773
-0.207312
0.158635
-0.0570391
-0.0635395
0.162969
-0.208014
0.18366
-0.098056
-0.0202948
0.13184
-0.199438
0.200476
-0.134617
0.023896
0.0948515
-0.181921
0.208319
-0.165227
0.0669881
0.05356
-0.156224
0.206793
-0.188421
0.10715
0.009888
-0.1236
0.196112
-0.203162
0.14243
-0.0341807
-0.0854213
0.17658
-0.208808
0.171392
-0.0768151
-0.0434278
0.149174
-0.205115
0.192633
-0.11594
0.000549333
0.115055
-0.192236
0.205329
-0.149876
0.0444655
0.075808
-0.170751
0.208777
-0.177129
0.0863979
0.0331431
-0.141667
0.202887
-0.196448
0.124454
-0.0109256
-0.106235
0.187964
-0.206977
0.156957
-0.0545671
-0.0660115
0.164586
-0.208258
0.18244
-0.0957976
-0.0228278
0.133824
-0.200171
0.199774
-0.132664
0.0213324
0.0970794
-0.183172
0.208106
-0.16364
0.0646077
0.0560015
-0.157964
0.20719
-0.187292
0.104892
0.0124516
-0.125645
0.196966
-0.202521
0.140568
-0.0317087
-0.0877407
0.177923
-0.208747
0.169897
-0.0744041
-0.0458998
0.150914
-0.205573
0.191687
-0.113773
-0.00201422
0.117161
-0.193243
0.20481
-0.148106
0.041963
0.0781579
-0.172216
0.208838
-0.175756
0.084048
0.0356761
-0.143529
0.203467
-0.195563
0.122379
-0.00842311
-0.108402
0.189062
-0.20661
0.155278
-0.0520951
-0.068392
0.166112
-0.208411
0.181188
-0.0934782
-0.0253914
0.135777
-0.200903
0.198981
-0.13068
0.0187994
0.0993377
-0.184393
0.207892
-0.162053
0.0621662
0.0584735
-0.159581
0.207465
-0.186132
0.102695
0.0149846
-0.127689
0.19776
-0.20191
0.138676
-0.0291757
-0.0900601
0.179235
-0.208625
0.168401
-0.0720237
-0.0484024
0.152654
-0.206
0.190619
-0.111667
-0.00460829
0.119266
-0.19422
0.204352
-0.146275
0.0394299
0.0805383
-0.173681
0.208838
-0.174352
0.0817286
0.0382092
-0.14536
0.204047
-0.194647
0.120304
-0.00585955
-0.110569
0.19013
-0.206214
0.153539
-0.0496231
-0.0708335
0.167638
-0.208563
0.179907
-0.0911893
-0.0278939
0.1377
-0.201544
0.198187
-0.128697
0.0162664
0.101596
-0.185553
0.207617
-0.160436
0.0596942
0.0609149
-0.161229
0.207739
-0.184973
0.100467
0.0175176
-0.129704
0.198614
-0.201209
0.136753
-0.0266427
-0.092349
0.180548
-0.208502
0.166906
-0.0696127
-0.0508744
0.154424
-0.206397
0.189581
-0.10947
-0.00714133
0.121403
-0.195105
0.203772
-0.144444
0.0369274
0.0828883
-0.175054
0.208838
-0.172948
0.0793481
0.0407117
-0.147221
0.204566
-0.193701
0.118229
-0.003296
-0.112735
0.191168
-0.205817
0.151799
-0.0471206
-0.0732139
0.169164
-0.208686
0.178564
-0.0889004
-0.0304575
0.139622
-0.202216
0.197363
-0.126652
0.0137333
0.103824
-0.186712
0.207343
-0.158788
0.0572527
0.0633869
-0.162847
0.208014
-0.183782
0.0982391
0.0199896
