0.000152593
0.16892
-0.205756
0.118412
0.040437
-0.174841
0.203772
-0.109714
-0.0505081
0.180273
-0.201209
0.100772
0.0605182
-0.185278
0.198218
-0.091586
-0.0703452
0.189795
-0.194739
0.0821558
0.0800501
-0.193915
0.190771
-0.0724815
-0.0895108
0.197485
-0.186316
0.062685
0.0987579
-0.200629
0.181402
-0.052736
-0.107791
0.203223
-0.176092
0.0426649
0.116489
-0.205329
0.170293
-0.0324412
-0.124973
0.206977
-0.164068
0.0221564
0.133091
-0.208045
0.157445
-0.0118107
-0.140934
0.208655
-0.150456
0.00149541
0.148412
-0.208747
0.143101
0.00888089
-0.155522
0.208289
-0.13535
-0.0192267
0.162206
-0.207312
0.127293
0.0295419
-0.168554
0.205847
-0.118931
-0.0397656
0.174444
-0.203864
0.110263
0.0498672
-0.179937
0.201422
-0.101321
-0.0599078
0.185003
-0.198462
0.0921659
0.0697348
-0.18955
0.195013
-0.0827357
-0.0794092
0.19367
-0.191046
0.0731224
0.0889004
-0.197302
0.186621
-0.0633259
-0.0981475
0.200415
-0.181768
0.0533464
0.107181
-0.20307
0.176397
-0.0433058
-0.11594
0.205237
-0.17066
0.0331126
0.124424
-0.206885
0.164464
-0.0228278
-0.132603
0.208014
-0.157903
0.0125126
0.140446
-0.208625
0.150945
-0.0021363
-0.147954
0.208747
-0.14359
-0.00820948
0.155065
-0.208319
0.135868
0.0185553
-0.161809
0.207434
-0.127842
-0.028901
0.168157
-0.205969
0.11948
0.0391247
-0.174108
0.204047
-0.110843
-0.0492264
0.179571
-0.201575
0.101901
0.0592364
-0.184637
0.198645
-0.0927458
-0.0690939
0.189276
-0.195227
0.083346
0.0787988
-0.193426
0.191321
-0.0737327
-0.0883206
0.197058
-0.186926
0.0639668
0.0975677
-0.200232
0.182104
-0.0540178
-0.106632
0.202918
-0.176794
0.0439161
0.11539
-0.205115
0.171056
-0.0337535
-0.123905
0.206763
-0.164892
0.0234993
0.132084
-0.207984
0.15833
-0.0131535
-0.139958
0.208594
-0.151402
0.00277718
0.147465
-0.208747
0.144047
0.00756859
-0.154637
0.20838
-0.136387
-0.0178838
0.161382
-0.207465
0.128361
0.0281991
-0.16776
0.206091
-0.12006
-0.0384533
0.173742
-0.204169
0.111393
0.0485855
-0.179266
0.201758
-0.102481
-0.0585955
0.184332
-0.198828
0.0933866
0.0684835
-0.189001
0.195441
-0.0839564
-0.0781884
0.193152
-0.191565
0.0743736
0.0877102
-0.196844
0.187231
-0.0646077
-0.0969878
0.200049
-0.182409
0.0546587
0.106052
-0.202734
0.177129
-0.0445875
-0.114872
0.204962
-0.171422
0.0343944
0.123356
-0.206702
0.165319
-0.0241401
-0.131565
0.207892
-0.158788
0.0137944
0.13947
-0.208594
0.15183
-0.00347911
-0.147008
0.208777
-0.144536
-0.00689718
0.15418
-0.20838
0.136876
0.017243
-0.160985
0.207556
-0.12888
-0.0275277
0.167364
-0.206183
0.120579
0.0377819
-0.173376
0.204291
-0.111972
-0.0479141
0.178899
-0.201941
0.103092
0.0579852
-0.184027
0.199042
-0.093936
-0.0678426
0.188696
-0.195685
0.0845668
0.0775475
-0.192877
0.191839
-0.074984
-0.0870998
0.196631
-0.187506
0.0652486
0.0964385
-0.199896
0.182714
-0.0552995
-0.105472
0.202612
-0.177496
0.045259
0.114292
-0.204871
0.171789
-0.0350352
-0.122837
0.20658
-0.165685
0.024781
0.131046
-0.207862
0.159185
-0.0144658
-0.138951
0.208563
-0.152287
0.00412
0.14655
-0.208747
0.145054
0.00622578
-0.153752
0.208441
-0.137394
-0.0166021
0.160527
-0.207617
0.129429
0.0269173
-0.166967
0.206305
-0.121128
-0.037141
0.172979
-0.204443
0.112522
0.0472732
-0.178564
0.202063
-0.103671
-0.0573443
0.183721
-0.199225
0.0945158
0.0672323
-0.188421
0.195898
-0.0852077
-0.0769372
0.192663
-0.192083
0.0756249
0.08652
-0.196387
0.18778
-0.0658589
-0.0958281
0.199683
-0.18305
0.0559404
0.104892
-0.20246
0.177831
-0.0458693
-0.113742
0.204718
-0.172185
0.0357067
0.122318
-0.206519
0.166112
-0.0254524
-0.130528
0.20777
-0.159642
0.0151677
0.138462
-0.208502
0.152745
-0.00482192
-0.146031
0.208747
-0.145482
-0.00558489
0.153294
-0.208502
0.137913
0.0159307
-0.160131
0.207678
-0.129948
-0.0262459
0.16654
-0.206366
0.121647
0.0365001
-0.172582
0.204566
-0.113071
-0.0466323
0.178228
-0.202246
0.104251
0.0567034
-0.183386
0.199438
-0.0950957
-0.0665914
0.188147
-0.196112
0.0857875
0.0763268
-0.192389
0.192328
-0.0762047
-0.0858791
0.196173
-0.188086
0.0664998
0.0952177
-0.1995
0.183325
-0.0565813
-0.104312
0.202277
-0.178167
0.0465407
0.113163
-0.204596
0.172582
-0.0363781
-0.121738
0.206397
-0.166509
0.0261238
0.130039
-0.207678
0.160039
-0.0158086
-0.137974
0.208472
-0.153203
0.00546281
0.145573
-0.208777
0.14597
0.00488296
-0.152806
0.208502
-0.138401
-0.0152287
0.159703
-0.20777
0.130436
0.0255745
-0.166143
0.206519
-0.122166
-0.0358287
0.172246
-0.204718
0.11362
0.0459914
-0.177892
0.202429
-0.104831
-0.0560625
0.183111
-0.199652
0.0957366
0.0659505
-0.187841
0.196387
-0.0863979
-0.0757164
0.192145
-0.192602
0.0768456
0.0852992
-0.195959
0.18836
-0.0671102
-0.0946379
0.199286
-0.183691
0.0572222
0.103763
-0.202124
0.178533
-0.0471816
-0.112613
0.204474
-0.172948
0.0370495
0.12122
-0.206336
0.166936
-0.0267953
-0.12949
0.207648
-0.160466
0.01648
0.137455
-0.208441
0.153661
-0.0061037
-0.145116
0.208777
-0.146428
-0.00424207
0.152348
-0.208563
0.13889
0.0145878
-0.159246
0.207831
-0.130985
-0.0249336
0.165746
-0.20658
0.122715
0.0351573
-0.17185
0.20484
-0.114231
-0.0453505
0.177557
-0.202612
0.10538
0.0554521
-0.182745
0.199835
-0.0962859
-0.0653706
0.187567
-0.1966
0.0870083
0.0750755
-0.19187
0.192877
-0.077456
-0.0846583
0.195746
-0.188665
0.0677511
0.094058
-0.199103
0.183996
-0.0578631
-0.103183
0.201941
-0.178838
0.0478225
0.112064
-0.204352
0.173284
-0.0376904
-0.12067
0.206183
-0.167302
0.0274361
0.128971
-0.207556
0.160894
-0.0171209
-0.136967
0.208441
-0.154088
0.00680563
0.144627
-0.208747
0.146947
0.00357067
-0.151921
0.208563
-0.139378
-0.013947
0.158849
-0.207862
0.131504
0.0242622
-0.165349
0.206702
-0.123264
-0.0345164
0.171484
-0.204993
0.11478
0.0446791
-0.17719
0.202765
-0.10593
-0.0547502
0.18244
-0.200018
0.0968963
0.0646992
-0.187262
0.196814
-0.0875881
-0.0744652
0.191626
-0.193121
0.0780969
0.084048
-0.195471
0.18894
-0.068392
-0.0934477
0.198859
-0.184301
0.058504
0.102603
-0.201788
0.179205
-0.0484939
-0.111515
0.204199
-0.173681
0.0383618
0.120121
-0.206122
0.167699
-0.0281381
-0.128452
0.207495
-0.161321
0.0177923
0.136448
-0.20838
0.154546
-0.00747703
-0.144139
0.208747
-0.147404
-0.00289926
0.151463
-0.208625
0.139897
0.013245
-0.158422
0.207923
-0.131993
-0.0235908
0.164953
-0.206793
0.123814
0.0338755
-0.171117
0.205084
-0.115299
-0.0440382
0.176824
-0.202887
0.10654
0.0541398
-0.182134
0.200232
-0.0975066
-0.0640889
0.186956
-0.197028
0.0881985
0.0738548
-0.191351
0.193365
-0.0787072
-0.0834376
0.195227
-0.189215
0.0690024
0.0928678
-0.198675
0.184576
-0.0591449
-0.102023
0.201605
-0.17954
0.0491348
0.110935
-0.204047
0.174047
-0.0389721
-0.119572
0.206
-0.168096
0.028779
0.127934
-0.207434
0.161748
-0.0184637
-0.13596
0.208319
-0.154973
0.00808741
0.143651
-0.208716
0.147862
0.00225837
-0.150975
0.208625
-0.140355
-0.0126041
0.157964
-0.207984
0.132542
0.0229499
-0.164556
0.206854
-0.124332
-0.0332041
0.170751
-0.205237
0.115879
0.0433973
-0.176458
0.20307
-0.107089
-0.0534684
0.181799
-0.200415
0.0980865
0.0634175
-0.186651
0.197241
-0.0888089
-0.0732444
0.191107
-0.193609
0.0793176
0.0828272
-0.195013
0.18952
-0.0696432
-0.0922269
0.198462
-0.184912
0.0597858
0.101444
-0.201483
0.179876
-0.0497452
-0.110355
0.203925
-0.174413
0.0396435
0.119022
-0.205878
0.168493
-0.0294198
-0.127415
0.207312
-0.162175
0.0191046
0.135472
-0.208289
0.155431
-0.00875881
-0.143193
0.208716
-0.14832
-0.00155644
0.150548
-0.208655
0.140843
0.0119327
-0.157537
0.208075
-0.13303
-0.0222785
0.164129
-0.206977
0.124882
0.0325633
-0.170354
0.205329
-0.116428
-0.0427564
0.176092
-0.203223
0.107669
0.0528275
-0.181463
0.200598
-0.0986663
-0.0628071
0.186346
-0.197455
0.0894192
0.0726035
-0.190832
0.193884
-0.079928
-0.0822474
0.194769
-0.189764
0.0702536
0.0916776
-0.198248
0.185217
-0.0603961
-0.100864
0.20127
-0.180242
0.0504166
0.109806
-0.203772
0.174749
-0.040315
-0.118473
0.205786
-0.168859
0.0300913
0.126896
-0.207251
0.162572
-0.0198065
-0.134953
0.208258
-0.155919
0.00943022
0.142674
-0.208716
0.148808
0.000915555
-0.15006
0.208655
-0.141331
-0.0112613
0.157109
-0.208106
0.133549
0.0216071
-0.163732
0.207038
-0.125401
-0.0318918
0.169958
-0.20542
0.116977
0.042085
-0.175756
0.203345
-0.108249
-0.0521867
0.181158
-0.200781
0.0992767
0.0621662
-0.186071
0.197699
-0.0899991
-0.0719932
0.190558
-0.194098
0.0805383
0.081637
-0.194525
0.190039
-0.070864
-0.0910672
0.198065
-0.185553
0.061037
0.100284
-0.201086
0.180578
-0.0510575
-0.109256
0.203619
-0.175146
0.0409558
0.117954
-0.205664
0.169256
-0.0307627
-0.126347
0.20719
-0.16303
0.0204474
0.134465
-0.208197
0.156316
-0.0101016
-0.142186
0.208716
-0.149266
-0.000274667
0.149602
-0.208686
0.14182
0.0106204
-0.156652
0.208167
-0.134068
