0.000122074
0.16892
-0.205756
0.118412
0.0404065
-0.17481
0.203772
-0.109714
-0.0505081
0.180273
-0.201239
0.100772
0.0605182
-0.185278
0.198248
-0.0915555
-0.0703757
0.189825
-0.194739
0.0821253
0.0800501
-0.193884
0.190741
-0.072512
-0.0895108
0.197485
-0.186316
0.062685
0.0987884
-0.200629
0.181402
-0.052736
-0.10773
0.203223
-0.176061
0.0426344
0.116489
-0.205359
0.170293
-0.0324412
-0.124973
0.206946
-0.164068
0.022187
0.133091
-0.208045
0.157476
-0.0118412
-0.140904
0.208655
-0.150426
0.00146489
0.148412
-0.208716
0.143071
0.00888089
-0.155522
0.208289
-0.13538
-0.0192267
0.162236
-0.207343
0.127323
0.0295419
-0.168554
0.205847
-0.118931
-0.0397656
0.174444
-0.203894
0.110294
0.0498672
-0.179937
0.201422
-0.101352
-0.0599078
0.184973
-0.198431
0.0921659
0.0697348
-0.18952
0.194983
-0.0827662
-0.0794092
0.19367
-0.191046
0.0731224
0.0889004
-0.197272
0.186621
-0.0633259
-0.098178
0.200415
-0.181738
0.0533769
0.107181
-0.20307
0.176427
-0.0433058
-0.11594
0.205237
-0.17069
0.0331126
0.124424
-0.206885
0.164495
-0.0228278
-0.132603
0.207984
-0.157903
0.0125126
0.140446
-0.208655
0.150914
-0.0021363
-0.147954
0.208747
-0.143559
-0.00820948
0.155065
-0.208319
0.135868
0.0185858
-0.161809
0.207434
-0.127842
-0.0288705
0.168187
-0.206
0.11951
0.0390942
-0.174108
0.204016
-0.110843
-0.0492569
0.179601
-0.201605
0.101901
0.0592364
-0.184667
0.198645
-0.0927458
-0.0690939
0.189276
-0.195227
0.083346
0.0787988
-0.193396
0.19126
-0.0737327
-0.0882901
0.197089
-0.186926
0.0639668
0.0975982
-0.200262
0.182073
-0.0540178
-0.106601
0.202948
-0.176763
0.0439467
0.11539
-0.205115
0.171056
-0.033784
-0.123905
0.206793
-0.164892
0.0234687
0.132115
-0.207923
0.15833
-0.013184
-0.139927
0.208625
-0.151372
0.0028077
0.147465
-0.208716
0.144078
0.00753807
-0.154637
0.20838
-0.136387
-0.0179144
0.161382
-0.207465
0.128361
0.0282296
-0.16776
0.206061
-0.120029
-0.0384533
0.173711
-0.204169
0.111393
0.0485855
-0.179235
0.201758
-0.102512
-0.0585955
0.184332
-0.198828
0.0933561
0.0684835
-0.189001
0.195441
-0.0839869
-0.0781884
0.193152
-0.191565
0.0743431
0.0877102
-0.196844
0.187201
-0.0646077
-0.0969878
0.200079
-0.182379
0.0546587
0.106052
-0.202765
0.177129
-0.0445875
-0.114841
0.204993
-0.171422
0.0344249
0.123356
-0.206702
0.165288
-0.0241401
-0.131596
0.207862
-0.158757
0.0138249
0.139439
-0.208594
0.15183
-0.00344859
-0.147008
0.208747
-0.144505
-0.00689718
0.15421
-0.208411
0.136876
0.017243
-0.160955
0.207556
-0.12888
-0.0275277
0.167364
-0.206183
0.120579
0.0377819
-0.173376
0.204321
-0.111942
-0.0479446
0.17893
-0.201941
0.103092
0.0579852
-0.184027
0.199072
-0.093936
-0.0678426
0.188696
-0.195685
0.0845668
0.0775781
-0.192907
0.191839
-0.0749535
-0.0870998
0.196631
-0.187506
0.0652181
0.096408
-0.199866
0.182714
-0.0553301
-0.105472
0.202612
-0.177465
0.045259
0.114292
-0.204871
0.171819
-0.0350658
-0.122806
0.20661
-0.165716
0.0248421
0.131046
-0.207831
0.159185
-0.0144963
-0.138951
0.208533
-0.152287
0.00412
0.146519
-0.208747
0.145024
0.00622578
-0.153722
0.208441
-0.137394
-0.0165716
0.160527
-0.207617
0.129398
0.0268868
-0.166967
0.206305
-0.121128
-0.0371715
0.172979
-0.204413
0.112522
0.0473037
-0.178594
0.202094
-0.103671
-0.0573443
0.183691
-0.199255
0.0945463
0.0672323
-0.188421
0.195929
-0.0851772
-0.0769677
0.192633
-0.192083
0.0756249
0.0864895
-0.196417
0.18778
-0.0658589
-0.0957976
0.199683
-0.18305
0.0559404
0.104923
-0.202429
0.177831
-0.0458693
-0.113742
0.204718
-0.172185
0.0357067
0.122288
-0.206519
0.166112
-0.025483
-0.130528
0.20777
-0.159612
0.0151372
0.138432
-0.208533
0.152715
-0.00479141
-0.146031
0.208777
-0.145482
-0.00555437
0.153264
-0.208472
0.137852
0.0159307
-0.1601
0.207709
-0.129917
-0.0262154
0.16657
-0.206397
0.121677
0.0365001
-0.172643
0.204596
-0.113071
-0.0466323
0.178259
-0.202246
0.104251
0.0566729
-0.183416
0.199469
-0.0951262
-0.0666219
0.188116
-0.196142
0.0857875
0.0763573
-0.192389
0.192328
-0.0762352
-0.0858791
0.196204
-0.188055
0.0664998
0.0952483
-0.199469
0.183355
-0.0565813
-0.104312
0.202277
-0.178198
0.0465407
0.113163
-0.204596
0.172582
-0.0363781
-0.121738
0.206397
-0.166509
0.0261544
0.130039
-0.207678
0.160039
-0.0158086
-0.137974
0.208472
-0.153203
0.00546281
0.145543
-0.208777
0.14594
0.00488296
-0.152806
0.208533
-0.138371
-0.0152593
0.159673
-0.20777
0.130467
